id x y phenotype1 envi 
0 0.839218 0.60228 0.623604 -0.187352 
1 0.0206051 0.554333 -0.103242 -0.501816 
2 0.986209 0.539598 0.125135 -0.753743 
3 0.0240275 0.210006 0.170928 -0.508296 
4 0.960162 0.136812 1.10251 -1.02262 
5 0.986255 0.668393 -0.588367 -1.33707 
6 0.0968095 0.182864 -0.544908 -0.541158 
7 0.938377 0.17056 0.300691 -1.02744 
8 0.0885228 0.984544 -0.51559 -0.402166 
9 0.293434 0.167838 -0.510263 -0.342523 
10 0.315344 0.586561 0.574155 0.218846 
11 0.297044 0.607378 -0.182428 0.0921105 
12 0.959643 0.0102351 1.14903 -0.619419 
13 0.0226797 0.546375 -0.186972 -0.483219 
14 0.960843 0.746317 -2.09812 -1.45803 
15 0.943546 0.151086 -0.540365 -0.998965 
16 0.486688 0.369557 -0.794929 1.08669 
17 0.0814552 0.195125 -0.455851 -0.520555 
18 0.804404 0.0258287 -0.968592 -0.57529 
19 0.963739 0.872914 -0.535038 -1.17738 
20 0.507162 0.0228208 -1.08684 0.487882 
21 0.539737 0.870501 0.135006 0.49954 
22 0.236798 0.00191807 -0.77473 -1.04526 
23 0.633145 0.0349237 0.639768 -0.0230736 
24 0.979126 0.454167 0.1406 -0.727238 
25 0.597461 0.745238 0.300691 0.576934 
26 0.978013 0.664657 -1.08684 -1.26057 
27 0.800937 0.0158062 -0.198156 -0.586598 
28 0.541904 0.871532 0.325769 0.496995 
29 0.802508 0.0791229 -0.394505 -0.505284 
30 0.967168 0.754848 -0.544908 -1.5178 
31 0.962511 0.728307 -0.553897 -1.40162 
32 0.00454296 0.767797 -0.789753 -0.892734 
33 0.948591 0.747637 -2.2299 -1.35107 
34 0.99243 0.50989 -0.794929 -0.641919 
35 0.205896 0.95831 -0.716588 0.0861655 
36 0.295726 0.169362 0.545158 -0.326002 
37 0.296366 0.907236 0.3595 0.200336 
38 0.309497 0.584804 1.3478 0.192613 
39 0.245389 0.742558 -1.58349 -0.328772 
40 0.537841 0.862531 0.676934 0.508094 
41 0.716612 0.697749 -0.892974 0.469917 
42 0.0332658 0.851025 0.795309 -0.75995 
43 0.751105 0.721007 0.0879693 0.432135 
44 0.238667 0.773776 -0.413132 -0.28756 
45 0.834778 0.566626 -0.845772 -0.125493 
46 0.957549 0.925829 0.373584 -1.00053 
47 0.83656 0.993131 0.464792 -0.22235 
48 0.977571 0.680005 -2.00906 -1.32377 
49 0.97672 0.00772661 -0.190365 -0.612981 
50 0.0251573 0.194029 -0.121346 -0.529587 
51 0.647318 0.0253658 0.0223559 -0.105623 
52 0.966221 0.213234 -1.38962 -1.30191 
53 0.846644 0.278019 -0.544908 -0.536721 
54 0.798923 0.239042 -0.696283 -0.274782 
55 0.939347 0.180321 -1.70628 -1.05733 
56 0.279086 0.198017 -0.533666 -0.336183 
57 0.483557 0.052407 0.647747 0.473174 
58 0.973707 0.675415 -1.70628 -1.27501 
59 0.0905518 0.985839 0.502198 -0.390902 
60 0.804933 0.244617 0.692399 -0.307971 
61 0.0804599 0.985133 -0.892974 -0.439475 
62 0.764806 0.0613121 -1.14892 -0.467586 
63 0.172408 0.982159 -0.752331 -0.0117279 
64 0.98199 0.444313 0.55983 -0.777309 
65 0.665153 0.871158 -0.615983 0.405167 
66 0.0227157 0.203029 -1.65708 -0.517904 
67 0.277378 0.193044 0.696975 -0.359059 
68 0.309182 0.598235 0.51698 0.167335 
69 0.642317 0.396438 0.106451 0.617904 
70 0.94168 0.162824 0.272513 -1.02243 
71 0.455118 0.372918 -0.553897 0.92497 
72 0.814346 0.59189 0.22318 -0.0378835 
73 0.0225846 0.198296 -0.690245 -0.524231 
74 0.824218 0.298242 -0.318748 -0.355905 
75 0.0221434 0.547125 -0.134878 -0.48561 
76 0.840333 0.608469 0.398321 -0.200881 
77 0.0172648 0.203909 -0.116774 -0.517797 
78 0.819275 0.995338 -0.495712 -0.135028 
79 0.0366479 0.842603 0.328868 -0.755012 
80 0.987647 0.551353 0.129679 -0.813567 
81 0.543382 0.869055 0.676934 0.498117 
82 0.0401515 0.562075 -1.10574 -0.478626 
83 0.796278 0.406322 -0.74538 -0.0443966 
84 0.824103 0.985133 -0.251108 -0.1614 
85 0.820056 0.989421 -0.794929 -0.139822 
86 0.25075 0.00742549 -1.49221 -1.04058 
87 0.0216514 0.208265 -0.162197 -0.511167 
88 0.979608 0.683695 -0.968592 -1.35536 
89 0.222504 0.0233958 -0.676685 -0.96943 
90 0.947151 0.861601 0.0959476 -1.08603 
91 0.989733 0.20406 -1.14993 -1.40428 
92 0.995045 0.523132 0.129679 -0.714093 
93 0.776014 0.0697636 -1.2807 -0.468355 
94 0.381742 0.27393 -0.290344 0.365743 
95 0.252814 0.909704 0.733241 0.143938 
96 0.257732 0.905044 -0.177101 0.137817 
97 0.091618 0.185255 0.272513 -0.537078 
98 0.960202 0.873041 -0.436992 -1.15195 
99 0.084777 0.987221 -0.314204 -0.416478 
100 0.0974126 0.18486 0.677754 -0.537432 
101 0.428084 0.872452 0.408192 0.38464 
102 0.346561 0.140897 -0.540365 -0.121721 
103 0.490293 0.0518782 0.114807 0.512225 
104 0.833837 0.598137 -0.540365 -0.15212 
105 0.0410956 0.988561 -1.37609 -0.622557 
106 0.983965 0.210594 -0.761198 -1.39684 
107 0.484187 0.170618 0.199106 0.694551 
108 0.647618 0.394977 0.135006 0.594114 
109 0.992876 0.461516 -0.770154 -0.75331 
110 0.269479 0.909232 -1.2807 0.166377 
111 0.2916 0.182417 0.476109 -0.312722 
112 0.297488 0.605465 0.476109 0.0974883 
113 0.970906 0.00423978 0.116179 -0.600297 
114 0.717251 0.742851 0.446824 0.487737 
115 0.757375 0.729511 0.935753 0.385243 
116 0.172817 0.975397 -0.426533 -0.0243216 
117 0.309627 0.101424 -0.615983 -0.430384 
118 0.947186 0.880876 -0.132864 -1.0413 
119 0.343441 0.134 0.182446 -0.156139 
120 0.283709 0.577544 0.310683 0.0743708 
121 0.538972 0.168535 0.572221 0.632557 
122 0.847609 0.280955 -1.08684 -0.537227 
123 0.488752 0.0564437 0.578698 0.511381 
124 0.0858481 0.99126 0.00689057 -0.4063 
125 0.265034 0.904259 -0.8682 0.146591 
126 0.825059 0.59867 -0.663153 -0.102613 
127 0.96504 0.00712313 -0.696883 -0.60994 
128 0.521545 0.852557 -0.27626 0.528989 
129 0.829875 0.986981 -0.540365 -0.190661 
130 0.62374 0.396278 0.0564396 0.6951 
131 0.946124 0.660591 -0.164683 -1.01538 
132 0.942192 0.150507 -0.946304 -0.991786 
133 0.639864 0.39937 -0.341175 0.631676 
134 0.987811 0.453948 -0.19596 -0.763403 
135 0.313246 0.547905 -0.55844 0.277636 
136 0.269279 0.917965 -0.892974 0.189124 
137 0.0306956 0.543112 -0.182428 -0.462173 
138 0.289323 0.17786 -0.337607 -0.337352 
139 0.787005 0.715962 0.357865 0.125193 
140 0.216832 0.465505 0.937686 -0.0938991 
141 0.243889 0.768977 0.327662 -0.287886 
142 0.0301232 0.550969 -1.14017 -0.477587 
143 0.95492 0.712979 -1.04156 -1.27727 
144 0.362717 0.285998 -0.394505 0.288833 
145 0.826099 0.609771 -0.369767 -0.117573 
146 0.232072 0.000767927 -0.892974 -1.04274 
147 0.0231833 0.196347 -0.615983 -0.526741 
148 0.988751 0.444819 -0.866003 -0.803709 
149 0.03261 0.814415 -0.363936 -0.788567 
150 0.793901 0.234843 0.129679 -0.247802 
151 0.932278 0.905118 -0.529443 -0.887134 
152 0.628157 0.031062 -0.22603 -0.0108193 
153 0.404667 0.996043 -0.269552 0.409875 
154 0.489173 0.0653931 -0.0020977 0.530141 
155 0.548611 0.862565 -0.00664134 0.500079 
156 0.962713 0.738329 -1.51241 -1.44329 
157 0.237906 0.0105159 -1.2807 -1.02225 
158 0.365485 0.269224 0.418935 0.275176 
159 0.762725 0.721552 0.643203 0.333293 
160 0.82844 0.587937 0.300691 -0.112572 
161 0.825088 0.99518 -0.27626 -0.16411 
162 0.296968 0.605237 0.380292 0.0953306 
163 0.770555 0.0746654 -1.08684 -0.447473 
164 0.839478 0.574326 0.0959476 -0.15744 
165 0.971501 0.017224 -1.08684 -0.645824 
166 0.976788 0.673154 -1.02192 -1.28832 
167 0.832286 0.564711 -0.0202017 -0.111309 
168 0.951139 0.86661 0.485419 -1.10309 
169 0.967042 0.0155578 -0.988791 -0.638594 
170 0.783752 0.228989 0.705931 -0.192131 
171 0.828657 0.988721 -0.251108 -0.183879 
172 0.309341 0.0961879 -2.09812 -0.445862 
173 0.9529 0.860377 0.558689 -1.13093 
174 0.736597 0.709097 -0.656486 0.448017 
175 0.835169 0.600253 0.116147 -0.161862 
176 0.295754 0.586163 0.451688 0.121213 
177 0.974523 0.221477 -1.65645 -1.38071 
178 0.298346 0.610523 0.233051 0.0931472 
179 0.828709 0.991253 -0.0759671 -0.183386 
180 0.750473 0.666455 -1.38962 0.386239 
181 0.253651 0.763852 -0.42212 -0.274194 
182 0.787437 0.716793 1.00904 0.121625 
183 0.846441 0.571843 -0.360486 -0.190008 
184 0.20166 0.960113 0.550711 0.0717199 
185 0.752026 0.724423 0.432467 0.42736 
186 0.241155 0.753512 0.0167613 -0.338719 
187 0.340778 0.35617 -0.324075 0.288726 
188 0.827046 0.620388 -0.0955675 -0.132084 
189 0.830734 0.591725 0.147254 -0.128564 
190 0.985134 0.207554 -0.866003 -1.39184 
191 0.588047 0.750107 0.774979 0.575705 
192 0.207942 0.955238 -0.236572 0.0875776 
193 0.831813 0.61652 -1.61046 -0.157998 
194 0.223129 0.0246701 -0.77473 -0.966617 
195 0.939778 0.15852 -1.14017 -1.00266 
196 0.741059 0.724706 0.295779 0.454668 
197 0.0242915 0.550214 -0.353262 -0.487239 
198 0.584618 0.753329 0.607886 0.574967 
199 0.81897 0.60098 -0.324075 -0.0694038 
200 0.94747 0.15305 -0.747759 -1.02084 
201 0.973692 0.701579 0.447112 -1.38574 
202 0.597708 0.744636 0.447112 0.577677 
203 0.940227 0.937664 -0.578639 -0.867096 
204 0.982747 0.516938 0.545158 -0.638001 
205 0.712702 0.907051 -0.676685 0.332845 
206 0.960112 0.145554 0.970734 -1.05026 
207 0.358662 0.276977 -0.0020977 0.253255 
208 0.736821 0.672408 -0.318748 0.420717 
209 0.162516 0.395252 -0.27626 -0.246987 
210 0.21619 0.471167 1.3478 -0.0880873 
211 0.538074 0.832005 -0.167845 0.535264 
212 0.120324 0.194836 -0.181056 -0.51592 
213 0.368218 0.244516 -0.435652 0.244024 
214 0.810679 0.418031 0.545158 -0.0955856 
215 0.162783 0.427196 0.0226768 -0.21667 
216 0.804658 0.0252109 -0.95506 -0.576204 
217 0.76576 0.0753825 -0.892974 -0.436258 
218 0.0531544 0.964669 0.148538 -0.58743 
219 0.973832 0.866262 0.182446 -1.2676 
220 0.0587555 0.966952 1.10251 -0.559896 
221 0.478671 0.346445 0.826861 0.999347 
222 0.983401 0.675645 -1.99553 -1.34855 
223 0.256898 0.758742 0.129679 -0.276825 
224 0.805474 0.414662 -0.676685 -0.076441 
225 0.038544 0.787201 0.790444 -0.792121 
226 0.649452 0.393554 1.43685 0.584843 
227 0.0142368 0.542499 -0.411199 -0.491907 
228 0.168403 0.428444 -0.435652 -0.207525 
229 0.941968 0.17084 -0.841229 -1.04511 
230 0.783785 0.0665311 -0.222931 -0.48863 
231 0.804801 0.0356844 0.824175 -0.563436 
232 0.78843 0.0708007 0.3424 -0.489575 
233 0.539782 0.862331 0.447112 0.506835 
234 0.650958 0.382322 -0.209399 0.565692 
235 0.025241 0.202718 0.116147 -0.517846 
236 0.93908 0.170148 -0.416793 -1.02969 
237 0.305703 0.609921 0.22318 0.129848 
238 0.963404 0.736221 -1.2668 -1.44103 
239 0.534158 0.828031 -0.137775 0.541627 
240 0.956463 0.723618 -1.00783 -1.33098 
241 0.961673 0.214446 -1.23307 -1.27888 
242 0.27683 0.173823 0.549701 -0.415633 
243 0.0112605 0.79202 -0.734227 -0.863631 
244 0.837906 0.576437 0.385176 -0.151663 
245 0.985117 0.672219 -2.00452 -1.34597 
246 0.221793 0.00883179 -0.222931 -1.00828 
247 0.00836156 0.764339 -0.803285 -0.884781 
248 0.28079 0.188255 -0.28943 -0.35428 
249 0.968378 0.667413 -0.968592 -1.20224 
250 0.0225263 0.550164 -0.0020977 -0.490486 
251 0.97857 0.0117782 -0.0830428 -0.628167 
252 0.952586 0.881088 0.398736 -1.07838 
253 0.845112 0.278452 -0.120342 -0.525814 
254 0.279439 0.203903 0.187863 -0.317951 
255 0.958162 0.215555 -0.676685 -1.26143 
256 0.994198 0.454083 -0.55844 -0.788829 
257 0.00411455 0.767654 -0.0958884 -0.893873 
258 0.0232286 0.201522 -0.812041 -0.51982 
259 0.75605 0.726511 -0.676685 0.394389 
260 0.955145 0.745527 -2.00906 -1.40303 
261 0.306252 0.581418 1.10251 0.182189 
262 0.94187 0.90831 -0.747759 -0.94276 
263 0.234535 0.0269889 0.418935 -0.972118 
264 0.80137 0.235925 -0.00582134 -0.295203 
265 0.203619 0.963818 0.300691 0.0895813 
266 0.173141 0.421135 -0.00550043 -0.208047 
267 0.782253 0.717455 0.607886 0.165514 
268 0.49012 0.054589 0.529502 0.516117 
269 0.299461 0.601862 0.676934 0.113223 
270 0.601249 0.74031 -0.0506519 0.581426 
271 0.647145 0.021824 0.647747 -0.113265 
272 0.0129363 0.553842 0.0114342 -0.515477 
273 0.265915 0.919544 1.20056 0.189012 
274 0.97882 0.00116713 -0.77473 -0.588802 
275 0.822545 0.981058 -0.00664134 -0.154133 
276 0.361342 0.274084 0.328868 0.262143 
277 0.95404 0.879394 -1.34945 -1.09265 
278 0.00802178 0.766556 -1.03729 -0.884577 
279 0.379188 0.365661 -0.892974 0.507963 
280 0.456361 0.378353 -0.540365 0.941807 
281 0.573955 0.406156 0.913232 0.918044 
282 0.00501019 0.775374 -1.58568 -0.888218 
283 0.295537 0.605392 -0.435652 0.0880833 
284 0.374766 0.35975 0.643203 0.474532 
285 0.831871 0.988607 -0.198156 -0.200347 
286 0.251353 0.757912 -0.176513 -0.29984 
287 0.17052 0.977843 -0.553897 -0.0297478 
288 0.027087 0.776978 -1.22885 -0.829973 
289 0.768218 0.0701513 -0.794929 -0.453051 
290 0.771282 0.0725295 -0.892974 -0.453573 
291 0.347348 0.147544 -0.892974 -0.100956 
292 0.694947 0.888717 -0.892974 0.365131 
293 0.372377 0.106439 -0.231696 -0.0599829 
294 0.224473 0.019816 -1.14017 -0.981322 
295 0.951582 0.176649 -0.857015 -1.10758 
296 0.0171775 0.538626 -0.315087 -0.479215 
297 0.238172 0.757965 -0.030275 -0.333267 
298 0.839063 0.274464 -0.319531 -0.493554 
299 0.485839 0.0582231 -0.529443 0.497396 
300 0.987755 0.516281 0.447112 -0.654055 
301 0.98572 0.000742028 0.71524 -0.586466 
302 0.0200713 0.548653 -0.127384 -0.492337 
303 0.298656 0.596818 -0.318748 0.117791 
304 0.334534 0.130106 -0.892974 -0.21555 
305 0.847523 0.987346 -0.747759 -0.281148 
306 0.286358 0.591512 -0.0621575 0.0654776 
307 0.0811689 0.990075 -0.574096 -0.430123 
308 0.54854 0.862052 0.545158 0.500595 
309 0.678879 0.883838 1.01128 0.38223 
310 0.831271 0.593202 -0.446863 -0.132918 
311 0.168153 0.387606 -1.08684 -0.247319 
312 0.0682526 0.184919 0.145144 -0.539162 
313 0.970566 0.214982 -1.05055 -1.33373 
314 0.946419 0.183535 0.636883 -1.1016 
315 0.311214 0.601914 0.692399 0.17082 
316 0.0487606 0.558763 -0.104522 -0.456208 
317 0.0264107 0.190612 -0.516081 -0.534069 
318 0.592824 0.763853 0.522534 0.559692 
319 0.959402 0.660222 -0.642954 -1.10869 
320 0.474299 0.0500118 -0.544908 0.41367 
321 0.239009 0.77788 0.389602 -0.275112 
322 0.498822 0.164259 -0.0911548 0.76226 
323 0.0127656 0.204669 -1.11956 -0.517715 
324 0.942061 0.874661 -0.222931 -1.01958 
325 0.79595 0.232607 0.790444 -0.264504 
326 0.993103 0.546062 0.447112 -0.813884 
327 0.936196 0.168535 -0.95506 -1.01209 
328 0.993138 0.0243247 0.432467 -0.682842 
329 0.998581 0.516343 0.248743 -0.695375 
330 0.841507 0.278925 -0.124886 -0.501249 
331 0.656678 0.00234756 -0.672141 -0.20091 
332 0.0849222 0.195856 -0.656486 -0.518798 
333 0.37259 0.278892 0.101501 0.327473 
334 0.971789 0.0118311 -0.794929 -0.626971 
335 0.379118 0.368206 -0.663153 0.511901 
336 0.41042 0.987016 -0.401889 0.406052 
337 0.310174 0.104175 -1.29158 -0.419998 
338 0.252344 0.904381 -0.251108 0.127861 
339 0.0800462 0.191223 0.493347 -0.5275 
340 0.168666 0.424378 0.0223559 -0.211089 
341 0.00650131 0.765391 0.00689057 -0.888911 
342 0.83932 0.556368 -0.77473 -0.136512 
343 0.658407 0.00651604 0.558689 -0.198396 
344 0.625288 0.760887 -0.341175 0.540828 
345 0.726743 0.671966 -0.0776228 0.439867 
346 0.233796 0.0116612 -0.95506 -1.01431 
347 0.000820402 0.77528 -0.892974 -0.899107 
348 0.263942 0.905959 -0.403498 0.14957 
349 0.670283 0.878747 0.266782 0.393794 
350 0.309695 0.106543 -1.14892 -0.416476 
351 0.212703 0.958596 -0.515911 0.117182 
352 0.237819 0.766366 0.164003 -0.310543 
353 0.545517 0.864541 0.22318 0.500592 
354 0.488492 0.0541981 0.828719 0.505747 
355 0.59098 0.751563 0.328868 0.572412 
356 0.93604 0.878835 -1.7287 -0.968077 
357 0.841351 0.561437 0.418935 -0.152016 
358 0.00157283 0.771041 -0.663153 -0.89888 
359 0.304778 0.607075 0.447112 0.130294 
360 0.368135 0.274037 0.149909 0.296653 
361 0.0586978 0.791357 -0.00664134 -0.733401 
362 0.0830156 0.192449 -0.319531 -0.525034 
363 0.502911 0.165809 -0.0911548 0.76063 
364 0.172658 0.429688 -0.738771 -0.200259 
365 0.95643 0.663651 -0.8682 -1.10066 
366 0.641118 0.394815 -0.222931 0.620948 
367 0.984119 0.206124 -0.676685 -1.38046 
368 0.367152 0.272711 -0.303844 0.289444 
369 0.583509 0.75058 0.682487 0.578254 
370 0.453789 0.372601 -0.0222967 0.917292 
371 0.0388038 0.788283 -0.312832 -0.790568 
372 0.994484 0.54026 0.1406 -0.792695 
373 0.0893625 0.987778 -0.109876 -0.394008 
374 0.0860623 0.200907 -1.61046 -0.50968 
375 0.0975122 0.189039 0.292639 -0.52968 
376 0.0577754 0.992587 0.705931 -0.539292 
377 0.80428 0.408184 0.328868 -0.0798056 
378 0.97461 0.460692 -0.416793 -0.68412 
379 0.988324 0.449683 -0.251108 -0.782508 
380 0.954916 0.501693 -0.313153 -0.474176 
381 0.98462 0.20597 -0.696883 -1.38274 
382 0.854991 0.996698 0.0167613 -0.312463 
383 0.0282105 0.538576 -0.0212867 -0.458537 
384 0.837694 0.608649 1.82886 -0.185431 
385 0.219401 0.459007 -0.836816 -0.0977317 
386 0.948277 0.921632 0.167664 -0.953008 
387 0.99206 0.442378 0.314223 -0.827467 
388 0.25421 0.917504 -0.270781 0.16828 
389 0.991081 0.497003 0.45591 -0.6032 
390 0.935622 0.169515 -0.676685 -1.01186 
391 0.288171 0.908213 -0.186972 0.190679 
392 0.798776 0.400185 0.447112 -0.0641877 
393 0.985765 0.510631 -0.237576 -0.620998 
394 0.0734199 0.20619 -1.08684 -0.502981 
395 0.0077399 0.772683 0.504028 -0.88241 
396 0.800587 0.237253 -0.290344 -0.288273 
397 0.799549 0.248069 -0.117513 -0.266529 
398 0.292457 0.908635 0.369371 0.197831 
399 0.475957 0.0649602 -0.048379 0.451623 
400 0.959236 0.139073 1.06878 -1.02629 
401 0.801934 0.237124 -0.524709 -0.297336 
402 0.670007 0.880061 0.464211 0.392698 
403 0.961194 0.727513 -0.72547 -1.38702 
404 0.00369917 0.78133 -0.77473 -0.889066 
405 0.749393 0.67309 -0.672141 0.397154 
406 0.494695 0.33766 0.328868 1.06641 
407 0.182428 0.965384 -0.324075 -0.00236477 
408 0.964577 0.0177766 0.173312 -0.645172 
409 0.0193742 0.191861 -0.442319 -0.533157 
410 0.965595 0.00942622 -0.988791 -0.61767 
411 0.300327 0.602536 -0.124886 0.116329 
412 0.814639 0.996148 0.952549 -0.111812 
413 0.296974 0.610228 0.106828 0.0869951 
414 0.796427 0.0628399 0.426913 -0.516269 
415 0.970433 0.218794 -1.44295 -1.34619 
416 0.599041 0.749983 0.425452 0.56859 
417 0.816467 0.992545 -0.995209 -0.121248 
418 0.945077 0.921734 -0.968592 -0.93273 
419 0.258043 0.764966 -0.386393 -0.255095 
420 0.956445 0.737735 -0.747759 -1.38498 
421 0.643046 0.0207256 -0.0979147 -0.0982916 
422 0.80418 0.419603 -0.324075 -0.0636803 
423 0.161956 0.920293 -0.794929 -0.18671 
424 0.0988098 0.177381 -0.0675774 -0.551273 
425 0.203774 0.957372 0.621664 0.0744189 
426 0.645474 0.389855 0.353642 0.596994 
427 0.967897 0.664931 -1.28259 -1.18855 
428 0.805457 0.0875079 -0.460423 -0.501393 
429 0.08757 0.98061 -0.647366 -0.411695 
430 0.214935 0.0353379 -0.892974 -0.92949 
431 0.863615 0.982342 -1.38959 -0.368259 
432 0.981756 0.666798 -1.14892 -1.2971 
433 0.243584 0.00408796 -0.709452 -1.04725 
434 0.0804781 0.1943 -0.676685 -0.522117 
435 0.0827843 0.193442 -0.676685 -0.523322 
436 0.996348 0.67442 -2.13185 -1.43961 
437 0.0888494 0.984955 -0.599589 -0.400096 
438 0.0860951 0.98142 0.398736 -0.417567 
439 0.960732 0.731905 -0.77473 -1.40029 
440 0.823707 0.596133 -0.968592 -0.0929831 
441 0.628956 0.0402837 -0.119332 0.00692232 
442 0.951784 0.228141 -2.22535 -1.26031 
443 0.808784 0.00547236 0.370422 -0.600605 
444 0.559225 0.727967 -0.214064 0.642454 
445 0.551124 0.867486 0.447112 0.49376 
446 0.411145 0.853257 -0.0756894 0.341725 
447 0.025365 0.558392 -1.08684 -0.50022 
448 0.639499 0.0304036 0.717174 -0.0604956 
449 0.455612 0.367401 -0.535038 0.91725 
450 0.170807 0.429938 -0.411199 -0.202651 
451 0.287359 0.607514 -0.00664134 0.0447401 
452 0.980287 0.000321742 -0.656486 -0.585483 
453 0.0871928 0.988292 -0.454281 -0.403655 
454 0.749326 0.673569 -0.690584 0.397732 
455 0.299144 0.608066 -0.27626 0.101172 
456 0.560378 0.719608 -0.672141 0.659207 
457 0.955216 0.23145 -0.866003 -1.29217 
458 0.278362 0.193582 0.938007 -0.352352 
459 0.545785 0.813432 0.432467 0.546462 
460 0.460371 0.354309 0.365605 0.917829 
461 0.794539 0.248316 0.233051 -0.231514 
462 0.630669 0.0160667 1.6823 -0.0559543 
463 0.501738 0.0189759 -1.51241 0.504254 
464 0.842056 0.569375 -0.195178 -0.164821 
465 0.981141 0.452743 -0.104687 -0.740963 
466 0.858441 0.292358 -0.968592 -0.583507 
467 0.469373 0.0617498 0.380292 0.406766 
468 0.146454 0.932487 0.0362087 -0.226779 
469 0.39249 0.879445 -0.171506 0.319265 
470 0.477038 0.351452 0.799754 1.0004 
471 0.0199844 0.540539 -0.794929 -0.477511 
472 0.546532 0.848426 -0.593662 0.514373 
473 0.801306 0.233908 -0.279422 -0.297454 
474 0.809389 0.401011 -0.794929 -0.11427 
475 0.961803 0.711188 -0.587805 -1.32766 
476 0.814478 0.993905 -0.866003 -0.111139 
477 0.822912 0.986828 0.329688 -0.1549 
478 0.167853 0.427214 -0.42212 -0.209492 
479 0.754066 0.732675 0.564243 0.416858 
480 0.544166 0.733287 0.50342 0.644971 
481 0.962972 0.729439 -0.892974 -1.41015 
482 0.95988 0.86917 1.2408 -1.15954 
483 0.825194 0.601023 -0.341175 -0.105252 
484 0.628296 0.0208745 0.182446 -0.034731 
485 0.803018 0.249391 0.0167613 -0.288825 
486 0.703902 0.876236 0.819763 0.371022 
487 0.0848093 0.18652 0.252177 -0.535291 
488 0.997457 0.458183 -0.892974 -0.785177 
489 0.969682 0.448215 -0.24313 -0.71103 
490 0.813616 0.409143 0.135006 -0.12241 
491 0.98696 0.748229 0.77612 -1.705 
492 0.851051 0.605972 0.805307 -0.260931 
493 0.474448 0.341655 1.45039 0.967902 
494 0.979353 0.463362 -1.61046 -0.692642 
495 0.244462 0.449224 0.300691 -0.0715234 
496 0.0190266 0.212226 0.603663 -0.506584 
497 0.661304 0.877353 0.227724 0.401934 
498 0.0824115 0.187324 -0.460395 -0.534063 
499 0.956516 0.88172 0.0560868 -1.10415 
500 0.830766 0.563933 -0.337635 -0.103125 
501 0.950796 0.138093 0.243189 -0.991198 
502 0.00133117 0.770669 -0.647366 -0.899646 
503 0.754801 0.726775 -1.47868 0.405431 
504 0.948206 0.646739 0.256911 -0.979747 
505 0.98516 0.00120403 1.14723 -0.588326 
506 0.749225 0.673268 -0.656486 0.397643 
507 0.65412 0.0027882 -0.0911548 -0.1887 
508 0.00165098 0.765701 -0.946304 -0.900855 
509 0.646481 0.386037 -0.454281 0.588356 
510 0.66956 0.876872 -0.209399 0.3962 
511 0.154403 0.408262 -1.44038 -0.245476 
512 0.486756 0.0183689 -0.0756894 0.429909 
513 0.782569 0.064071 0.897767 -0.491064 
514 0.167279 0.417588 -0.411199 -0.219556 
515 0.277015 0.584369 0.84895 0.0298808 
516 0.798753 0.00983108 0.545158 -0.594261 
517 0.214689 0.0161368 -0.689574 -0.980509 
518 0.451275 0.376998 -0.794929 0.912104 
519 0.0174008 0.194392 -0.540365 -0.530099 
520 0.751693 0.665748 -0.672141 0.376722 
521 0.966032 0.726479 -2.00906 -1.42486 
522 0.97456 0.449116 0.00689057 -0.727849 
523 0.975396 0.676297 -0.416793 -1.29141 
524 0.84014 0.573094 0.31082 -0.159438 
525 0.627573 0.035416 0.72613 0.00161073 
526 0.469948 0.343915 0.51698 0.948573 
527 0.287218 0.16179 -0.222931 -0.392752 
528 0.628508 0.0157783 1.45039 -0.0473136 
529 0.765332 0.0639332 -0.95506 -0.462278 
530 0.846721 0.27553 -0.705687 -0.542149 
531 0.796258 0.247521 0.272376 -0.24458 
532 0.804682 0.0945971 0.00689057 -0.490845 
533 0.961498 0.238198 -1.2807 -1.35438 
534 0.173426 0.427265 -0.42212 -0.201568 
535 0.939894 0.881038 -2.2299 -0.990174 
536 0.0756531 0.194906 -0.104687 -0.521705 
537 0.83733 0.993522 -0.451308 -0.226055 
538 0.984129 0.680298 -0.153063 -1.37483 
539 0.296274 0.105762 -0.676685 -0.494964 
540 0.310876 0.585893 -0.299301 0.197615 
541 0.952195 0.183929 0.0114342 -1.13211 
542 0.960173 0.726916 -1.03169 -1.37581 
543 0.746367 0.722996 -0.222111 0.447455 
544 0.796442 0.00665251 1.3478 -0.598573 
545 0.802295 0.251973 0.0415358 -0.280351 
546 0.959152 0.744211 -1.58349 -1.43439 
547 0.317533 0.126069 0.922221 -0.320988 
548 0.950152 0.16564 -1.88628 -1.06866 
549 0.806723 0.01494 -0.866003 -0.589454 
550 0.377853 0.367981 0.233051 0.504792 
551 0.354617 0.270422 0.535056 0.22193 
552 0.633744 0.032352 -0.119332 -0.0315498 
553 0.123578 0.198222 -0.504668 -0.5086 
554 0.233425 0.437188 -0.65191 -0.10394 
555 0.971771 0.207055 -1.88628 -1.31307 
556 0.804157 0.408419 -0.676685 -0.0789035 
557 0.323074 0.558733 0.569932 0.309493 
558 0.807504 0.417585 -0.0020977 -0.081685 
559 0.93846 0.169451 -0.747759 -1.02498 
560 0.988191 0.202441 -1.5612 -1.3891 
561 0.69974 0.904071 -0.749955 0.345905 
562 0.244648 0.76422 -0.553897 -0.29965 
563 0.750053 0.682215 -1.08684 0.404263 
564 0.0501926 0.789767 0.174331 -0.758242 
565 0.0150674 0.779462 -0.201255 -0.85995 
566 0.606986 0.73856 0.261455 0.579161 
567 0.246047 0.00385598 -0.535038 -1.05087 
568 0.36939 0.282682 0.275538 0.317466 
569 0.759196 0.717637 -0.598238 0.36058 
570 0.816351 0.989475 -0.672141 -0.120927 
571 0.799849 0.0134656 1.3943 -0.589453 
572 0.826669 0.984889 -0.00664134 -0.174739 
573 0.172345 0.425845 -0.524709 -0.204497 
574 0.957401 0.877033 -0.0465446 -1.12206 
575 0.0971715 0.190759 0.558689 -0.526528 
576 0.0232746 0.205332 -0.841229 -0.51472 
577 0.0261105 0.201979 0.0181332 -0.518686 
578 0.254219 0.916486 0.300691 0.165375 
579 0.379108 0.364221 -0.124886 0.505106 
580 0.0957966 0.985405 -0.656486 -0.366694 
581 0.467091 0.0456078 0.210624 0.362326 
582 0.981 0.669479 -1.08684 -1.30341 
583 0.808377 0.415188 0.0181332 -0.0891161 
584 0.578434 0.391792 0.120401 0.876877 
585 0.963785 0.735271 -1.58349 -1.44061 
586 0.962315 0.733521 -2.22535 -1.42062 
587 0.817772 0.996955 -0.119332 -0.127333 
588 0.988777 0.447126 0.091404 -0.794597 
589 0.5448 0.840722 -0.403261 0.522577 
590 0.25484 0.446966 0.380292 -0.0395369 
591 0.808319 0.418002 0.22318 -0.0848251 
592 0.833155 0.279615 -0.899549 -0.445255 
593 0.805264 0.00940787 -0.544908 -0.595741 
594 0.957457 0.14182 1.3478 -1.02803 
595 0.552318 0.866366 0.705931 0.493886 
596 0.14768 0.428365 1.03605 -0.236996 
597 0.990934 0.199946 -1.56996 -1.39439 
598 0.375768 0.365775 0.0969576 0.489986 
599 0.927685 0.911432 -0.0756894 -0.844449 
600 0.62736 0.0128731 1.49436 -0.0490074 
601 0.792326 0.257828 -0.968592 -0.204127 
602 0.28539 0.888055 -0.553897 0.13843 
603 0.243319 0.77667 -0.104687 -0.267304 
604 0.82343 0.603959 -1.14017 -0.0973067 
605 0.383194 0.980655 0.182446 0.39357 
606 0.0955051 0.189335 0.591255 -0.52932 
607 0.237212 0.758853 -0.344578 -0.333096 
608 0.146419 0.922551 0.850476 -0.245586 
609 0.663903 0.0081668 -0.198156 -0.21825 
610 0.990493 0.461327 -1.06206 -0.744637 
611 0.989598 0.505063 1.20056 -0.60938 
612 0.0757336 0.985889 -0.0453248 -0.460912 
613 0.683657 0.880007 -0.77473 0.382455 
614 0.840974 0.278279 -0.933645 -0.498981 
615 0.0377815 0.542269 -0.540365 -0.447357 
616 0.940976 0.163934 -0.132864 -1.0222 
617 0.0782622 0.199454 0.328868 -0.51354 
618 0.309147 0.559581 0.574155 0.235335 
619 0.209128 0.459877 -0.392019 -0.112875 
620 0.0974267 0.995601 0.243189 -0.344922 
621 0.983568 0.206996 -0.892974 -1.38067 
622 0.975854 0.443197 0.353642 -0.75577 
623 0.503203 0.0256029 -0.95506 0.50977 
624 0.232319 0.746184 0.116147 -0.36404 
625 0.662191 0.876868 -0.602451 0.401745 
626 0.831772 0.58591 -0.553897 -0.12882 
627 0.958522 0.213398 -2.10711 -1.25681 
628 0.0849432 0.982856 -0.814527 -0.421161 
629 0.225882 0.0323324 -0.841229 -0.948464 
630 0.836678 0.609486 1.22955 -0.180293 
631 0.998849 0.505217 0.701708 -0.642768 
632 0.238532 0.00415093 -1.2807 -1.04102 
633 0.824637 0.975819 -0.153063 -0.166304 
634 0.790714 0.252919 0.946995 -0.198861 
635 0.945232 0.178713 0.390758 -1.08225 
636 0.043517 0.546569 -0.794929 -0.444331 
637 0.418034 0.865405 0.913232 0.362008 
638 0.16864 0.428778 -0.529443 -0.206865 
639 0.845634 0.602522 0.327864 -0.224765 
640 0.989943 0.446384 -0.124886 -0.80243 
641 0.995976 0.441527 1.2212 -0.847523 
642 0.530695 0.854397 -2.00452 0.520634 
643 0.1797 0.982941 -2.53966 0.0242121 
644 0.783962 0.0693995 0.84895 -0.483724 
645 0.989944 0.45672 0.154132 -0.760952 
646 0.931847 0.910051 -0.524899 -0.874101 
647 0.703277 0.892851 -0.124886 0.354589 
648 0.522096 0.174123 0.951539 0.70515 
649 0.0813985 0.191908 -0.016743 -0.526163 
650 0.484928 0.0521438 -0.761198 0.480834 
651 0.169469 0.42227 0.154132 -0.212016 
652 0.237838 0.00466716 -1.80432 -1.03873 
653 0.949393 0.869815 -0.7289 -1.0829 
654 0.968531 0.211396 -1.58349 -1.3093 
655 0.83917 0.277514 -0.95506 -0.488562 
656 0.938188 0.160405 -0.988791 -1.00054 
657 0.00730479 0.76974 -1.06206 -0.884891 
658 0.469672 0.358998 0.648756 0.975947 
659 0.635476 0.390461 -0.892974 0.639033 
660 0.227015 0.453544 -0.95506 -0.0926546 
661 0.961503 0.739165 -2.00008 -1.43578 
662 0.819561 0.995824 0.126276 -0.136384 
663 0.740999 0.710309 -0.553897 0.443154 
664 0.214059 0.476544 0.755127 -0.0851293 
665 0.808201 0.404883 -0.0268403 -0.103019 
666 0.0432937 0.979136 0.215763 -0.619926 
667 0.204603 0.964816 0.648756 0.0964778 
668 0.83901 0.277526 -0.484854 -0.487489 
669 0.0177362 0.779059 -1.78823 -0.853156 
670 0.838768 0.568674 0.51698 -0.147536 
671 0.219841 0.0300943 -0.77473 -0.948479 
672 0.970264 0.215099 -1.58349 -1.33234 
673 0.66056 0.0116977 0.00689057 -0.195208 
674 0.969539 0.729167 -0.672141 -1.46637 
675 0.94769 0.667192 -0.700696 -1.05054 
676 0.37131 0.274427 0.0270896 0.313471 
677 0.990703 0.748779 0.598929 -1.74186 
678 0.462193 0.35484 0.647747 0.928462 
679 0.704233 0.871565 0.692399 0.375529 
680 0.466784 0.360375 0.922221 0.963269 
681 0.00466785 0.776313 -0.988791 -0.888694 
682 0.967551 0.213784 -1.02609 -1.31165 
683 0.0149672 0.194261 -0.520134 -0.53058 
684 0.872388 0.566172 0.210624 -0.311053 
685 0.640279 0.0429401 -0.0911548 -0.0344992 
686 0.988603 0.201043 -1.1598 -1.38584 
687 0.300655 0.129656 0.737814 -0.405903 
688 0.670783 0.880795 -0.251523 0.391383 
689 0.800598 0.254483 0.186575 -0.265264 
690 0.299826 0.104972 0.145144 -0.476859 
691 0.00070322 0.761036 -0.417545 -0.905069 
692 0.00349372 0.768357 -0.787556 -0.895133 
693 0.832932 0.603033 0.426913 -0.151729 
694 0.461918 0.0402819 0.643203 0.321089 
695 0.937802 0.170595 -0.939595 -1.02482 
696 0.166083 0.425323 0.1406 -0.213799 
697 0.0287719 0.840532 0.00689057 -0.782205 
698 0.935583 0.877949 0.844184 -0.96677 
699 0.792543 0.00563155 -0.574096 -0.599954 
700 0.237462 0.000487524 -1.2807 -1.05011 
701 0.499773 0.0251923 -0.316401 0.521331 
702 0.242302 0.777413 -0.222931 -0.267831 
703 0.753507 0.672903 -0.892974 0.36979 
704 0.37985 0.366601 0.51698 0.513072 
705 0.516318 0.165187 0.774979 0.709921 
706 0.159998 0.412944 -1.25785 -0.233781 
707 0.224265 0.0253891 -0.416793 -0.965846 
708 0.965337 0.00347025 -0.0776228 -0.597791 
709 0.948422 0.883055 -0.271485 -1.04477 
710 0.29405 0.161878 -0.290312 -0.355361 
711 0.237846 0.753462 -0.794402 -0.346693 
712 0.809642 0.0784403 -0.209399 -0.521124 
713 0.791624 0.240223 -0.30861 -0.224301 
714 0.641773 0.39721 -0.544908 0.621099 
715 0.217752 0.472217 2.39655 -0.0842542 
716 0.968694 0.00413648 -0.629422 -0.599966 
717 0.537383 0.862227 0.574155 0.508707 
718 0.962788 0.215132 -1.37609 -1.28776 
719 0.996239 0.740065 0.692399 -1.75122 
720 0.383491 0.995143 0.267602 0.406746 
721 0.000127013 0.764721 -0.921529 -0.905035 
722 0.978863 0.72872 0.384836 -1.54579 
723 0.971863 0.0248121 -0.71408 -0.672642 
724 0.257765 0.916069 -0.510263 0.168874 
725 0.629486 0.0420018 0.0833973 0.00863352 
726 0.0244433 0.548666 -0.319531 -0.484108 
727 0.957413 0.653069 -0.8682 -1.06691 
728 0.0736847 0.195085 0.0830578 -0.521664 
729 0.0805851 0.989143 -0.324075 -0.434036 
730 0.963642 0.75466 -0.676685 -1.48612 
731 0.190404 0.966835 -0.510263 0.0370669 
732 0.84095 0.276812 0.803976 -0.501602 
733 0.344681 0.138443 -0.866003 -0.138212 
734 0.224105 0.032478 -0.892974 -0.946288 
735 0.228057 0.0224654 -0.12173 -0.977897 
736 0.00313569 0.772289 -0.77473 -0.894375 
737 0.735936 0.66988 -0.205831 0.420597 
738 0.701763 0.892202 -0.761198 0.356405 
739 0.813986 0.994729 0.40429 -0.108627 
740 0.823525 0.999061 -0.718762 -0.155476 
741 0.371904 0.241386 0.521524 0.255292 
742 0.0181338 0.786172 -0.0753366 -0.848026 
743 0.0200281 0.544894 -0.672141 -0.485475 
744 0.991061 0.49671 0.922221 -0.604309 
745 0.697849 0.891794 -0.848258 0.359806 
746 0.839491 0.274561 -0.705687 -0.496202 
747 0.14185 0.928772 0.776884 -0.252858 
748 0.64471 0.397302 0.380292 0.608959 
749 0.241466 0.756617 0.717174 -0.329152 
750 0.00343255 0.767267 -0.544145 -0.89575 
751 0.0582919 0.991016 0.530512 -0.538356 
752 0.298653 0.602079 -0.55844 0.108892 
753 0.49963 0.157141 -0.193934 0.754041 
754 0.309493 0.601812 0.300691 0.162554 
755 0.0219696 0.186804 -0.968592 -0.53958 
756 0.376376 0.352313 0.574155 0.470532 
757 0.228774 0.748902 0.423134 -0.376046 
758 0.958772 0.722424 -0.794929 -1.34619 
759 0.954328 0.667076 -1.25592 -1.09849 
760 0.292651 0.165587 0.545158 -0.352877 
761 0.0815918 0.986923 -0.0283016 -0.431948 
762 0.297231 0.157384 0.389602 -0.350197 
763 0.980355 0.0043272 1.33233 -0.600528 
764 0.95091 0.746199 -1.41437 -1.36696 
765 0.016139 0.766707 -0.794929 -0.864198 
766 0.943333 0.748377 -1.51241 -1.30555 
767 0.0195544 0.550885 -0.455851 -0.497439 
768 0.710497 0.899829 -0.397346 0.341939 
769 0.019303 0.19658 0.345968 -0.526989 
770 0.806745 0.0157145 -0.672141 -0.588553 
771 0.986946 0.446554 -0.0212867 -0.789243 
772 0.634258 0.0378398 0.135006 -0.0210328 
773 0.990131 0.497807 0.705931 -0.596689 
774 0.833032 0.2754 -0.153888 -0.451955 
775 0.222965 0.0312457 -0.836816 -0.948511 
776 0.619681 0.751367 -0.901739 0.553665 
777 0.988299 0.451192 -0.535038 -0.776386 
778 0.082829 0.203949 -0.892974 -0.504918 
779 0.220253 0.456296 -0.104687 -0.0997242 
780 0.654372 0.0154898 -0.0911548 -0.159375 
781 0.756234 0.72968 -1.47868 0.395348 
782 0.970154 0.855684 0.574476 -1.26993 
783 0.664533 0.00491206 0.510193 -0.228912 
784 0.984112 0.442444 0.569932 -0.793575 
785 0.83146 0.985644 -0.553897 -0.199273 
786 0.0616635 0.984594 0.649841 -0.528766 
787 0.0670908 0.967982 -0.124886 -0.520978 
788 0.48972 0.0236905 -0.0756894 0.45764 
789 0.976444 0.0131419 -0.251108 -0.632707 
790 0.98486 0.202006 -1.56574 -1.3687 
791 0.668668 0.883085 0.0114342 0.390709 
792 0.762698 0.736818 1.04161 0.343549 
793 0.0633428 0.962622 0.984266 -0.543562 
794 0.0130281 0.769206 -0.397667 -0.870675 
795 0.026305 0.543637 -0.120342 -0.471372 
796 0.239697 0.773373 -0.305216 -0.286049 
797 0.310578 0.587352 -0.535038 0.193528 
798 0.230618 0.0328893 -0.77473 -0.95165 
799 0.750121 0.725311 0.545158 0.44462 
800 0.27087 0.586644 0.451688 -0.00443742 
801 0.0237302 0.190946 -1.19966 -0.533897 
802 0.402573 0.850128 -0.314204 0.320274 
803 0.81647 0.39112 -0.535038 -0.163687 
804 0.171552 0.993609 -0.444971 0.00868313 
805 0.381294 0.371696 0.545158 0.529394 
806 0.855161 0.987227 -0.836816 -0.320446 
807 0.681452 0.883025 0.00689057 0.381097 
808 0.849715 0.572338 -0.60265 -0.207303 
809 0.822687 0.39049 -0.403261 -0.195561 
810 0.216124 0.0136777 -0.672141 -0.988695 
811 0.972553 0.748593 0.116147 -1.57445 
812 0.980763 0.440781 0.1406 -0.785867 
813 0.994523 0.678924 -1.38064 -1.44727 
814 0.0842235 0.19985 -0.574096 -0.511863 
815 0.956338 0.232598 -0.642954 -1.30293 
816 0.924883 0.62649 -0.222931 -0.757951 
817 0.845681 0.586443 0.447932 -0.204655 
818 0.987114 0.0318544 -0.540365 -0.709211 
819 0.706799 0.91298 -0.341175 0.331369 
820 0.544568 0.841702 0.426913 0.521863 
821 0.996232 0.449435 -0.030275 -0.816162 
822 0.608343 0.744142 -0.319531 0.570414 
823 0.0909665 0.995433 -0.535038 -0.37633 
824 0.832122 0.2975 -0.436992 -0.40687 
825 0.948699 0.510582 -0.676685 -0.485229 
826 0.475163 0.342208 0.643203 0.97272 
827 0.622163 0.391348 0.345968 0.695223 
828 0.300952 0.608028 -0.00664134 0.110029 
829 0.822687 0.990663 -0.95506 -0.152993 
830 0.957986 0.135861 0.664222 -1.01149 
831 0.232003 0.458365 0.926764 -0.078731 
832 0.605691 0.752569 -0.0621575 0.561756 
833 0.940258 0.165915 -1.08684 -1.02414 
834 0.844245 0.565577 -0.95506 -0.17112 
835 0.0604227 0.966521 0.443709 -0.552766 
836 0.955103 0.216041 -0.100111 -1.24458 
837 0.375792 0.351407 0.655545 0.465922 
838 0.0151357 0.550561 -0.544908 -0.505202 
839 0.0355162 0.814424 0.0560868 -0.779881 
840 0.83064 0.995998 -0.582772 -0.191594 
841 0.988005 0.44958 -0.0020977 -0.781598 
842 0.223317 0.0247434 -0.77473 -0.966615 
843 0.0394957 0.78406 -0.270781 -0.792028 
844 0.166065 0.423321 0.0270896 -0.215736 
845 0.300006 0.115946 1.51913 -0.44636 
846 0.218562 0.477012 0.794988 -0.0770734 
847 0.843198 0.999253 0.735439 -0.252413 
848 0.0880505 0.190478 -0.663153 -0.527976 
849 0.836692 0.570223 -0.663274 -0.138789 
850 0.226388 0.452729 -0.369353 -0.0946503 
851 0.998528 0.445237 -0.132864 -0.84301 
852 0.993151 0.439603 0.549701 -0.84335 
853 0.753751 0.722242 0.244199 0.410617 
854 0.311474 0.603219 0.692399 0.16977 
855 0.986368 0.00166013 0.163441 -0.590002 
856 0.222715 0.456121 0.55983 -0.0961011 
857 0.991225 0.514345 -0.0663802 -0.658213 
858 0.989703 0.462412 -0.892974 -0.737153 
859 0.079733 0.984208 -0.186972 -0.444017 
860 0.961209 0.229575 -0.222931 -1.32475 
861 0.638241 0.395665 0.790444 0.633946 
862 0.365506 0.366558 0.426913 0.436762 
863 0.546167 0.869374 0.398736 0.495751 
864 0.244918 0.767407 -0.524709 -0.289807 
865 0.807099 0.409325 0.80871 -0.0914932 
866 0.545917 0.866506 1.04501 0.498523 
867 0.985086 0.449301 0.877264 -0.770649 
868 0.546587 0.72726 -0.328619 0.656998 
869 0.773927 0.0724645 -1.08684 -0.458813 
870 0.949386 0.180327 0.0777307 -1.10744 
871 0.524849 0.864857 -1.58349 0.515667 
872 0.298985 0.10139 -0.761198 -0.491295 
873 0.993146 0.532096 -0.734227 -0.748617 
874 0.465387 0.349179 0.667945 0.934588 
875 0.411868 0.853292 -0.680906 0.343387 
876 0.367349 0.273319 0.476109 0.291457 
877 0.956478 0.663059 -0.510263 -1.09874 
878 0.0953864 0.985728 -0.451308 -0.368193 
879 0.0930673 0.203889 0.460644 -0.503024 
880 0.0826037 0.973471 -0.319531 -0.443692 
881 0.791949 0.0142854 1.3478 -0.58616 
882 0.370546 0.255609 -0.00664134 0.278131 
883 0.621077 0.0147757 0.158676 -0.0175782 
884 0.0468698 0.542521 -0.730014 -0.430777 
885 0.976184 0.227696 -1.35367 -1.41357 
886 0.742894 0.727343 0.888811 0.454904 
887 0.051085 0.980185 1.20056 -0.582662 
888 0.143629 0.422686 0.790765 -0.247522 
889 0.462306 0.35871 0.579708 0.936384 
890 0.372739 0.363508 0.790444 0.470093 
891 0.22635 0.475626 0.877264 -0.0658573 
892 0.772459 0.0772138 -1.08684 -0.445795 
893 0.317416 0.111425 1.33233 -0.359812 
894 0.966282 0.753634 -2.00906 -1.51295 
895 0.641299 0.395381 -0.665056 0.62088 
896 0.315265 0.123951 1.06878 -0.339235 
897 0.978239 0.660069 -1.58349 -1.24228 
898 0.0192232 0.544886 -0.517937 -0.486973 
899 0.84748 0.307561 -1.08684 -0.483524 
900 0.948943 0.185302 0.768659 -1.11948 
901 0.847321 0.984941 -0.968592 -0.281598 
902 0.362544 0.271581 0.0980426 0.264128 
903 0.956081 0.211599 -0.77473 -1.23681 
904 0.986207 0.205443 -0.676685 -1.38974 
905 0.826536 0.588577 -0.258123 -0.10272 
906 0.212524 0.966378 -0.72547 0.136223 
907 0.961922 0.732849 -1.08684 -1.41449 
908 0.629023 0.00394704 1.06878 -0.0766467 
909 0.951138 0.722796 -1.14888 -1.28215 
910 0.51613 0.1756 0.451688 0.729715 
911 0.837326 0.986118 1.00904 -0.229345 
912 0.954646 0.853864 0.794988 -1.15974 
913 0.0027635 0.761618 0.432467 -0.89979 
914 0.239266 0.0381289 0.549701 -0.945377 
915 0.974871 0.666699 -1.70628 -1.24656 
916 0.303427 0.594183 1.49436 0.145922 
917 0.261417 0.921358 -0.341175 0.188291 
918 0.230902 0.445775 0.0969576 -0.0966146 
919 0.198194 0.0116433 -0.656486 -0.973637 
920 0.95964 0.72839 -1.08684 -1.37695 
921 0.762157 0.068415 -1.08684 -0.446003 
922 0.306051 0.113495 2.08753 -0.418731 
923 0.0171482 0.541036 -0.324075 -0.483736 
924 0.94297 0.857094 0.380292 -1.06573 
925 0.953626 0.71481 -0.642954 -1.27337 
926 0.633194 0.0117544 0.45009 -0.076781 
927 0.260931 0.91282 0.460644 0.164087 
928 0.268814 0.920578 0.426913 0.195432 
929 0.287649 0.587413 -0.0911548 0.0785069 
930 0.299527 0.587408 -0.770154 0.138048 
931 0.802257 0.0648474 -0.553897 -0.5233 
932 0.591907 0.751377 0.692399 0.571975 
933 0.0205182 0.543816 -0.446863 -0.482564 
934 0.977969 0.743871 0.574155 -1.60367 
935 0.92202 0.630665 -0.553897 -0.752471 
936 0.802526 0.405264 0.00689057 -0.0754619 
937 0.0133859 0.198069 0.449189 -0.525956 
938 0.976277 0.665735 -0.988791 -1.25265 
939 0.950497 0.664022 0.407315 -1.05927 
940 0.993663 0.429798 -0.344578 -0.885409 
941 0.467182 0.360389 0.888811 0.965407 
942 0.0339332 0.552396 -0.411199 -0.472966 
943 0.512871 0.162702 0.549701 0.718148 
944 0.976737 0.00930345 0.6533 -0.618747 
945 0.969098 0.66429 -2.2299 -1.1946 
946 0.73565 0.676123 0.0969576 0.425635 
947 0.0116126 0.771078 -0.00108771 -0.873301 
948 0.984392 0.448899 -0.672141 -0.769363 
949 0.997771 0.0253468 -0.55844 -0.689782 
950 0.92643 0.910303 -0.745733 -0.838602 
951 0.757867 0.71802 -0.209399 0.372117 
952 0.800357 0.240862 -0.397667 -0.281867 
953 0.215395 0.963665 -0.578639 0.142236 
954 0.842293 0.280306 -0.870547 -0.503759 
955 0.0741491 0.188573 -0.19596 -0.532612 
956 0.550808 0.726936 -0.324075 0.653396 
957 0.169912 0.426699 0.116147 -0.207085 
958 0.247176 0.914993 0.619569 0.144115 
959 0.208535 0.965776 -0.794929 0.116638 
960 0.215691 0.970713 -0.436992 0.161766 
961 0.263605 0.913022 0.3424 0.168308 
962 0.240093 0.00557142 -1.51241 -1.03885 
963 0.0885336 0.999481 -0.222526 -0.382851 
964 0.72553 0.668661 0.460644 0.440389 
965 0.465922 0.360327 1.14305 0.958613 
966 0.00427426 0.76827 -0.77473 -0.893204 
967 0.536192 0.860344 0.667977 0.511273 
968 0.986273 0.439745 0.85249 -0.813413 
969 0.862135 0.985686 -0.597124 -0.357611 
970 0.0334691 0.825964 0.146154 -0.777568 
971 0.806954 0.41882 0.578888 -0.077424 
972 0.996598 0.744733 1.09424 -1.7767 
973 0.96869 0.721552 -0.553897 -1.42759 
974 0.254626 0.914864 0.148538 0.16127 
975 0.742305 0.713336 -0.921529 0.443947 
976 0.240912 0.0428433 1.17137 -0.933509 
977 0.307477 0.108313 1.02954 -0.424403 
978 0.54431 0.869587 0.545158 0.496946 
979 0.983089 0.518206 -0.237576 -0.644951 
980 0.384684 0.368784 -0.00664134 0.542488 
981 0.284847 0.578746 -0.638378 0.0782433 
982 0.960194 0.513976 -0.544908 -0.540578 
983 0.0150048 0.543895 0.00689057 -0.49306 
984 0.971814 0.211168 -1.24693 -1.32778 
985 0.0885877 0.193589 -0.132864 -0.522348 
986 0.760509 0.722329 -0.237576 0.352789 
987 0.229913 0.000138566 -1.08684 -1.04185 
988 0.960073 0.238008 -2.00906 -1.34432 
989 0.806338 0.246988 -0.011416 -0.314743 
990 0.656549 0.00135337 -0.520134 -0.202736 
991 0.932156 0.173808 -0.502472 -1.00588 
992 0.45711 0.370735 0.00689057 0.931487 
993 0.0725338 0.982729 -0.27626 -0.479607 
994 0.0228 0.545517 -0.716482 -0.481412 
995 0.732139 0.6669 0.530512 0.426099 
996 0.827099 0.996928 0.25407 -0.173685 
997 0.298506 0.107989 -0.836816 -0.476258 
998 0.993047 0.509946 -0.00550043 -0.644427 
999 0.824934 0.986938 -0.504637 -0.165277 

