"group" "id" "x" "y" "phenotype1" "envi" "group_env" "new_group"
"1" 1 0 0.588706 0.725148 1.38838 0.801627 0.8 34
"42" 2 1 0.492216 0.615122 0.270999 1.01279 1 37
"83" 3 2 0.480499 0.0121665 0.441671 1.72135 1.6 39
"125" 4 3 0.836102 0.246785 -0.75119 0.276433 0.3 23
"161" 5 4 0.0205438 0.329911 -0.993143 -0.42011 -0.4 12
"220" 6 5 0.940422 0.978825 0.0297621 -0.371062 -0.4 13
"240" 7 6 0.260112 0.00180926 0.327033 0.207024 0.2 21
"249" 8 7 0.567338 0.892591 -0.194166 0.361452 0.3 24
"282" 9 8 0.42692 0.406279 5.99738 0.723645 0.7 32
"340" 10 9 0.225273 0.973968 0.329133 0.217584 0.2 22
"352" 11 10 0.0208645 0.490972 0.203199 -0.365502 -0.3 15
"368" 12 11 0.763765 0.0259664 -0.0331943 0.240751 0.3 25
"406" 13 12 0.820487 0.450889 0.784742 0.2012 0.1 20
"58" 3 13 0.456626 0.0307338 1.16595 1.48363 1.6 39
"414" 13 14 0.810701 0.439304 -0.26874 0.253752 0.1 20
"419" 14 15 0.340317 0.238871 -0.922063 -0.203724 -0.2 17
"451" 15 16 0.342005 0.800767 0.186146 0.295152 0.3 26
"457" 16 17 0.264218 0.506941 0.15295 0.407147 0.4 30
"486" 17 18 0.0251155 0.0218021 -0.68085 -0.560867 -0.6 6
"472" 16 19 0.319748 0.499797 0.0129132 0.58122 0.4 30
"493" 18 20 0.0468222 0.757952 0.573795 -1.09558 -1.1 1
"66" 3 21 0.45664 0.0129677 1.57055 1.54951 1.6 39
"143" 5 22 0.00368964 0.320672 -0.75119 -0.411274 -0.4 12
"518" 19 23 0.0188301 0.153925 -0.0300256 -0.499692 -0.5 8
"25" 2 24 0.508052 0.607842 0.485284 1.02686 1 37
"551" 20 25 0.868429 0.793772 -0.248955 -0.35212 -0.3 16
"504" 18 26 0.048794 0.760947 0.650879 -1.07258 -1.1 1
"415" 13 27 0.854971 0.409602 0.0254368 0.0777773 0.1 20
"132" 4 28 0.831473 0.242541 -0.71542 0.284575 0.3 23
"575" 21 29 0.669633 0.127255 0.776812 0.770781 0.9 36
"594" 22 30 0.979205 0.145191 -0.64337 -0.630639 -0.7 3
"610" 23 31 0.775155 0.729902 0.657223 0.317776 0.3 27
"643" 24 32 0.237505 0.258233 0.539924 -0.894785 -0.8 2
"673" 25 33 0.0341829 0.982089 0.736091 -0.13751 -0.2 18
"708" 26 34 0.755156 0.978106 -0.0504476 -0.453941 -0.5 9
"441" 15 35 0.35301 0.81343 0.730916 0.326847 0.3 26
"735" 27 36 0.923877 0.777578 -0.266841 -0.685096 -0.7 4
"636" 24 37 0.201013 0.215042 -0.549007 -0.736515 -0.8 2
"304" 9 38 0.445956 0.430695 -0.666101 0.850598 0.7 32
"769" 28 39 0.459284 0.800584 0.186146 0.675222 0.7 33
"780" 29 40 0.889874 0.478513 0.671304 -0.14639 -0.2 19
"130" 4 41 0.810362 0.232746 0.788572 0.345126 0.3 23
"93" 3 42 0.474227 0.0164512 -0.178174 1.66137 1.6 39
"84" 3 43 0.459702 0.0159109 1.66877 1.56033 1.6 39
"794" 30 44 0.900799 0.0196046 -0.326947 -0.614204 -0.6 7
"454" 16 45 0.249429 0.52643 -0.0863467 0.327212 0.4 30
"34" 2 46 0.492928 0.610091 0.716096 1.01851 1 37
"818" 31 47 0.62175 0.504933 -0.381711 0.814961 0.8 35
"430" 14 48 0.353649 0.251243 -0.622924 -0.139803 -0.2 17
"724" 27 49 0.939705 0.781376 -0.204822 -0.773714 -0.7 4
"318" 9 50 0.423238 0.402233 6.05308 0.69824 0.7 32
"378" 12 51 0.736318 0.00783019 0.232748 0.388683 0.3 25
"176" 6 52 0.95512 0.976887 0.227617 -0.369183 -0.4 13
"333" 10 53 0.197173 0.997685 1.28225 0.214417 0.2 22
"159" 5 54 0.0130871 0.326082 -0.364862 -0.417 -0.4 12
"521" 19 55 0.00535705 0.13884 0.270798 -0.510755 -0.5 8
"487" 17 56 0.0141921 0.0214022 -0.796156 -0.590677 -0.6 6
"806" 30 57 0.891614 0.0267458 0.676923 -0.537716 -0.6 7
"628" 24 58 0.202207 0.248635 -0.806793 -0.852386 -0.8 2
"699" 26 59 0.744914 0.984141 -0.470575 -0.466118 -0.5 9
"843" 31 60 0.617391 0.500443 1.7727 0.827028 0.8 35
"549" 20 61 0.857577 0.799622 -0.124058 -0.295498 -0.3 16
"499" 18 62 0.0474451 0.762191 0.403675 -1.07389 -1.1 1
"880" 32 63 0.412357 0.94773 0.0568456 0.318551 0.3 28
"850" 31 64 0.615055 0.497343 1.94388 0.832712 0.8 35
"907" 33 65 0.130465 0.647601 -0.564416 -0.416051 -0.4 14
"259" 8 66 0.592874 0.910114 0.419667 0.236787 0.3 24
"369" 12 67 0.75624 0.0134058 0.218469 0.270495 0.3 25
"210" 6 68 0.941897 0.96217 -0.634016 -0.405504 -0.4 13
"459" 16 69 0.286006 0.46788 0.775145 0.333808 0.4 30
"829" 31 70 0.624519 0.495165 0.894881 0.80998 0.8 35
"307" 9 71 0.418559 0.405449 5.90712 0.681846 0.7 32
"205" 6 72 0.959988 0.972138 -0.366962 -0.380048 -0.4 13
"101" 4 73 0.821778 0.230248 0.139979 0.296191 0.3 23
"911" 34 74 0.981416 0.574676 -0.327383 -0.765622 -0.7 5
"306" 9 75 0.410081 0.415652 5.30866 0.663188 0.7 32
"416" 13 76 0.851984 0.426573 0.0759827 0.0766692 0.1 20
"943" 35 77 0.136781 0.841149 -0.306937 -0.380479 -0.5 10
"70" 3 78 0.465357 0.0114938 1.37695 1.61665 1.6 39
"506" 18 79 0.0346371 0.75761 -1.2152 -1.15867 -1.1 1
"919" 34 80 0.966906 0.582984 -0.0732096 -0.702337 -0.7 5
"351" 10 81 0.206727 0.984505 -0.194166 0.202341 0.2 22
"94" 3 82 0.467114 0.00610557 0.0939088 1.64883 1.6 39
"958" 36 83 0.528827 0.294875 -0.194166 0.98045 1 38
"62" 3 84 0.463441 0.0231336 0.52878 1.56028 1.6 39
"230" 7 85 0.267869 0.0167544 -0.125431 0.196304 0.2 21
"449" 15 86 0.340313 0.796671 0.112961 0.289998 0.3 26
"198" 6 87 0.959384 0.967283 -0.733905 -0.393199 -0.4 13
"241" 7 88 0.252947 0.0485709 -0.622924 -0.0503364 0.2 21
"494" 18 89 0.0414 0.766026 0.047047 -1.08696 -1.1 1
"165" 5 90 0.0120508 0.287004 1.06298 -0.422118 -0.4 12
"475" 16 91 0.282292 0.513541 -0.44583 0.449598 0.4 30
"429" 14 92 0.343682 0.252314 0.265014 -0.214766 -0.2 17
"336" 10 93 0.224664 0.967917 0.0677639 0.204738 0.2 22
"448" 15 94 0.346746 0.800407 0.41601 0.310569 0.3 26
"712" 26 95 0.740638 0.986316 -0.337181 -0.46236 -0.5 9
"530" 19 96 0.0268773 0.16971 -0.75119 -0.494479 -0.5 8
"170" 5 97 0.012744 0.319052 0.169297 -0.417936 -0.4 12
"438" 15 98 0.347501 0.795448 0.40018 0.31406 0.3 26
"747" 28 99 0.462781 0.80732 0.599932 0.671005 0.7 33
"976" 36 100 0.518672 0.258878 1.02297 0.987129 1 38
"10" 1 101 0.596504 0.737552 0.16803 0.781528 0.8 34
"63" 3 102 0.458339 0.0228298 1.15984 1.52509 1.6 39
"393" 12 103 0.766233 0.0472228 -0.501076 0.255416 0.3 25
"380" 12 104 0.76331 0.00281424 -0.51407 0.211884 0.3 25
"607" 23 105 0.780921 0.73023 -0.199117 0.278379 0.3 27
"583" 21 106 0.639687 0.125177 1.93681 0.892696 0.9 36
"679" 25 107 0.0235203 0.993045 -0.732037 -0.106615 -0.2 18
"366" 12 108 0.744456 0.00869944 0.64302 0.338475 0.3 25
"473" 16 109 0.306686 0.46754 0.177054 0.40619 0.4 30
"243" 7 110 0.267049 0.0427843 0.274607 0.0766123 0.2 21
"164" 5 111 0.00734089 0.321589 -0.300975 -0.413815 -0.4 12
"626" 24 112 0.205799 0.218702 -0.376258 -0.756402 -0.8 2
"734" 27 113 0.932673 0.7681 0.409896 -0.755789 -0.7 4
"302" 9 114 0.44923 0.40969 0.659638 0.835481 0.7 32
"614" 23 115 0.780563 0.726667 0.687184 0.282052 0.3 27
"945" 35 116 0.142359 0.839236 0.621666 -0.364607 -0.5 10
"565" 21 117 0.621175 0.13166 0.939396 0.959642 0.9 36
"90" 3 118 0.457831 0.026134 1.38239 1.50925 1.6 39
"580" 21 119 0.648003 0.117612 0.994015 0.8645 0.9 36
"933" 34 120 0.954056 0.588481 -0.349008 -0.64114 -0.7 5
"965" 36 121 0.520126 0.261812 1.4744 0.9856 1 38
"246" 7 122 0.270428 0.00707644 -0.0788867 0.256687 0.2 21
"956" 36 123 0.51757 0.262499 1.33641 0.990175 1 38
"779" 29 124 0.90156 0.481728 -0.664232 -0.205161 -0.2 19
"503" 18 125 0.0526887 0.75868 -1.2605 -1.06283 -1.1 1
"947" 35 126 0.122693 0.827378 -0.738856 -0.481228 -0.5 10
"863" 32 127 0.422686 0.967695 -0.569996 0.292844 0.3 28
"197" 6 128 0.945687 0.965007 0.346854 -0.399472 -0.4 13
"602" 22 129 0.97529 0.13668 -0.442894 -0.643169 -0.7 3
"615" 23 130 0.785485 0.729469 -0.218194 0.247568 0.3 27
"452" 16 131 0.2912 0.50892 -0.714752 0.483838 0.4 30
"100" 4 132 0.808424 0.230502 -0.285994 0.348412 0.3 23
"81" 3 133 0.46172 0.0221055 1.20006 1.55182 1.6 39
"925" 34 134 0.970585 0.579181 -0.496785 -0.715222 -0.7 5
"420" 14 135 0.359728 0.249705 -0.779744 -0.0945617 -0.2 17
"828" 31 136 0.638558 0.469639 0.63807 0.777206 0.8 35
"61" 3 137 0.461942 0.00960752 0.918627 1.59943 1.6 39
"990" 37 138 0.0556256 0.00536603 -0.228069 -0.47495 -0.5 11
"395" 12 139 0.752539 0.0110745 1.14185 0.29069 0.3 25
"694" 26 140 0.756535 0.98722 -0.571235 -0.489105 -0.5 9
"868" 32 141 0.424251 0.949349 0.154559 0.322636 0.3 28
"347" 10 142 0.206632 0.983 -0.722238 0.198901 0.2 22
"725" 27 143 0.929983 0.78531 1.10183 -0.70896 -0.7 4
"683" 25 144 0.0113136 0.969254 0.304805 -0.244449 -0.2 18
"375" 12 145 0.759455 0.0406343 -0.622924 0.286497 0.3 25
"714" 26 146 0.752417 0.98741 -0.306937 -0.492904 -0.5 9
"903" 33 147 0.149145 0.63592 0.250264 -0.303848 -0.4 14
"835" 31 148 0.626349 0.477049 0.402818 0.805534 0.8 35
"719" 27 149 0.92582 0.782039 -0.186177 -0.689849 -0.7 4
"137" 4 150 0.810108 0.224275 0.046611 0.330196 0.3 23
"811" 31 151 0.635746 0.468076 0.871592 0.783762 0.8 35
"756" 28 152 0.45273 0.803203 0.627006 0.648417 0.7 33
"750" 28 153 0.476106 0.808438 1.29788 0.7097 0.7 33
"235" 7 154 0.270581 0.0345623 0.485284 0.137862 0.2 21
"139" 4 155 0.841211 0.239618 -0.418149 0.241667 0.3 23
"231" 7 156 0.260601 0.0115603 0.774944 0.167588 0.2 21
"314" 9 157 0.380612 0.461687 0.616947 0.654415 0.7 32
"404" 13 158 0.850754 0.415621 -0.255981 0.0913443 0.1 20
"532" 19 159 0.0043015 0.129966 1.30964 -0.518976 -0.5 8
"481" 16 160 0.310929 0.506705 1.5219 0.545885 0.4 30
"96" 3 161 0.467409 0.0244319 1.20501 1.58376 1.6 39
"175" 5 162 0.0190811 0.317034 -0.835097 -0.423248 -0.4 12
"839" 31 163 0.632838 0.469218 0.838395 0.790471 0.8 35
"280" 8 164 0.58215 0.893833 -0.700003 0.319659 0.3 24
"817" 31 165 0.6278 0.471822 1.26397 0.80214 0.8 35
"55" 3 166 0.462213 0.00936976 1.02528 1.60222 1.6 39
"601" 22 167 0.981018 0.143966 -0.487424 -0.643939 -0.7 3
"526" 19 168 0.0172934 0.139168 1.35779 -0.508656 -0.5 8
"591" 22 169 0.978623 0.140812 -0.677272 -0.644126 -0.7 3
"827" 31 170 0.637982 0.5188 0.332055 0.771654 0.8 35
"296" 9 171 0.417011 0.415239 5.64825 0.694318 0.7 32
"786" 29 172 0.903208 0.487013 -0.68085 -0.218704 -0.2 19
"281" 9 173 0.425689 0.416633 1.81329 0.737013 0.7 32
"873" 32 174 0.420414 0.972168 0.10863 0.285517 0.3 28
"647" 24 175 0.192835 0.219018 -0.859425 -0.736954 -0.8 2
"661" 25 176 0.0268975 0.965549 0.671817 -0.228718 -0.2 18
"326" 10 177 0.224171 0.962607 -0.0657232 0.193475 0.2 22
"289" 9 178 0.421068 0.409816 2.27078 0.702467 0.7 32
"555" 21 179 0.636446 0.123991 -0.0845542 0.906938 0.9 36
"269" 8 180 0.565099 0.90429 -0.417917 0.328701 0.3 24
"236" 7 181 0.267809 0.00355061 0.248165 0.253607 0.2 21
"89" 3 182 0.471547 0.0184435 0.53373 1.63508 1.6 39
"855" 31 183 0.621604 0.488409 0.975527 0.816837 0.8 35
"337" 10 184 0.20249 0.989426 1.09044 0.20521 0.2 22
"558" 21 185 0.621771 0.131895 0.718806 0.957013 0.9 36
"904" 33 186 0.129262 0.645129 0.204862 -0.414453 -0.4 14
"103" 4 187 0.816901 0.22529 0.862102 0.30541 0.3 23
"577" 21 188 0.638699 0.135281 0.644889 0.88758 0.9 36
"662" 25 189 0.0143758 0.961353 -0.589022 -0.276161 -0.2 18
"413" 13 190 0.810884 0.449038 -0.129842 0.246611 0.1 20
"675" 25 191 0.0162769 0.96495 -0.379915 -0.254634 -0.2 18
"823" 31 192 0.644646 0.50911 0.848861 0.758805 0.8 35
"621" 24 193 0.208557 0.216485 -0.273034 -0.75292 -0.8 2
"426" 14 194 0.358628 0.254829 0.0609452 -0.089008 -0.2 17
"852" 31 195 0.629883 0.514464 0.678791 0.792281 0.8 35
"674" 25 196 0.020433 0.971916 -0.068259 -0.212495 -0.2 18
"193" 6 197 0.925221 0.964797 1.08589 -0.400067 -0.4 13
"300" 9 198 0.426479 0.418373 0.158133 0.743857 0.7 32
"528" 19 199 0.0266295 0.160453 -0.796156 -0.498259 -0.5 8
"226" 7 200 0.271295 0.0448351 -0.463115 0.0981854 0.2 21
"335" 10 201 0.217225 0.991596 1.26144 0.236668 0.2 22
"113" 4 202 0.806604 0.224487 0.231111 0.344392 0.3 23
"758" 28 203 0.4603 0.800819 0.409545 0.677984 0.7 33
"478" 16 204 0.314581 0.504823 1.33693 0.55956 0.4 30
"163" 5 205 0.00542445 0.322038 -0.417084 -0.412498 -0.4 12
"88" 3 206 0.465943 0.0224658 1.05141 1.58053 1.6 39
"310" 9 207 0.41419 0.412114 5.9801 0.674746 0.7 32
"188" 6 208 0.941567 0.978531 0.752708 -0.371149 -0.4 13
"620" 24 209 0.201837 0.208024 -0.325078 -0.713973 -0.8 2
"972" 36 210 0.545461 0.2659 0.0617962 0.943455 1 38
"940" 35 211 0.153624 0.82744 -0.323275 -0.354663 -0.5 10
"587" 21 212 0.63027 0.124291 0.757659 0.931772 0.9 36
"571" 21 213 0.665147 0.117643 0.495665 0.79259 0.9 36
"385" 12 214 0.750939 0.00389903 0.518314 0.291883 0.3 25
"918" 34 215 0.968956 0.563781 -0.194834 -0.675967 -0.7 5
"498" 18 216 0.0555599 0.736332 -0.579135 -1.03971 -1.1 1
"256" 8 217 0.613549 0.884907 0.782701 0.271059 0.3 24
"5" 1 218 0.606702 0.740421 -0.398764 0.760964 0.8 34
"652" 24 219 0.205132 0.223016 -0.812773 -0.770273 -0.8 2
"56" 3 220 0.467431 0.0222161 0.949049 1.59203 1.6 39
"497" 18 221 0.043609 0.760122 -1.55953 -1.1022 -1.1 1
"989" 37 222 0.0391052 0.00339252 0.626801 -0.525818 -0.5 11
"346" 10 223 0.193389 0.996201 0.656999 0.204411 0.2 22
"921" 34 224 0.975763 0.575008 1.16448 -0.735335 -0.7 5
"706" 26 225 0.749041 0.994641 -0.973445 -0.521727 -0.5 9
"544" 20 226 0.849814 0.801324 -0.300743 -0.255318 -0.3 16
"433" 14 227 0.355367 0.251217 0.662174 -0.126324 -0.2 17
"884" 32 228 0.406603 0.999072 -0.364862 0.249303 0.3 28
"802" 30 229 0.891628 0.00992543 -0.285994 -0.584366 -0.6 7
"74" 3 230 0.467882 0.00983983 1.18252 1.64057 1.6 39
"893" 33 231 0.136235 0.648487 0.315764 -0.393247 -0.4 14
"505" 18 232 0.0428235 0.757279 -0.285793 -1.11876 -1.1 1
"910" 34 233 0.972146 0.559865 -0.228925 -0.685335 -0.7 5
"275" 8 234 0.575266 0.897018 -0.159326 0.326565 0.3 24
"39" 2 235 0.513706 0.607837 1.12594 1.01453 1 37
"134" 4 236 0.819686 0.229797 0.139543 0.303402 0.3 23
"435" 14 237 0.342359 0.257212 -0.967819 -0.207914 -0.2 17
"737" 27 238 0.934709 0.789935 -0.0898269 -0.727866 -0.7 4
"985" 37 239 0.0517442 0.0194575 0.659638 -0.48858 -0.5 11
"984" 37 240 0.0491362 0.000336919 -0.0152081 -0.494476 -0.5 11
"645" 24 241 0.208078 0.211501 -0.440153 -0.734623 -0.8 2
"849" 31 242 0.637714 0.488302 0.384063 0.778603 0.8 35
"666" 25 243 0.00690896 0.97053 0.345518 -0.247476 -0.2 18
"876" 32 244 0.409567 0.977832 0.882456 0.276654 0.3 28
"639" 24 245 0.20696 0.226458 -1.06056 -0.785374 -0.8 2
"680" 25 246 0.0185691 0.978105 -2.52266 -0.186818 -0.2 18
"250" 8 247 0.61325 0.877996 0.92474 0.296048 0.3 24
"405" 13 248 0.847078 0.423201 0.392612 0.101452 0.1 20
"255" 8 249 0.608691 0.898849 0.0248115 0.234615 0.3 24
"116" 4 250 0.81345 0.230852 0.51368 0.329618 0.3 23
"589" 22 251 0.957229 0.149146 -0.165215 -0.511286 -0.7 3
"653" 24 252 0.19878 0.218874 -0.343176 -0.745897 -0.8 2
"953" 35 253 0.119053 0.838285 0.265014 -0.459216 -0.5 10
"885" 32 254 0.41368 0.984126 0.0272263 0.26781 0.3 28
"160" 5 255 0.0110802 0.319571 -0.658142 -0.416636 -0.4 12
"489" 17 256 0.0261967 0.0412689 -1.2152 -0.549545 -0.6 6
"202" 6 257 0.941572 0.964092 -0.446266 -0.401446 -0.4 13
"285" 9 258 0.458904 0.433682 -0.435202 0.910012 0.7 32
"567" 21 259 0.624744 0.0934387 0.101666 0.990288 0.9 36
"23" 2 260 0.477156 0.634328 -0.180798 0.946331 1 37
"107" 4 261 0.822008 0.217327 1.13574 0.269356 0.3 23
"315" 9 262 0.462208 0.427601 -0.384015 0.917178 0.7 32
"363" 11 263 0.0272042 0.488927 0.518981 -0.347258 -0.3 15
"305" 9 264 0.444503 0.436585 1.49491 0.853083 0.7 32
"742" 27 265 0.926695 0.783792 -0.566292 -0.692221 -0.7 4
"327" 10 266 0.223566 0.969337 0.264782 0.205136 0.2 22
"707" 26 267 0.753203 0.990288 -0.419619 -0.503929 -0.5 9
"546" 20 268 0.877962 0.806189 0.37942 -0.404783 -0.3 16
"895" 33 269 0.139824 0.639615 1.10679 -0.353674 -0.4 14
"442" 15 270 0.316594 0.770329 -0.235479 0.202156 0.3 26
"51" 2 271 0.48394 0.61635 0.631752 0.983017 1 37
"987" 37 272 0.0617463 0.00689588 0.41399 -0.456736 -0.5 11
"954" 35 273 0.113253 0.813584 0.90043 -0.567554 -0.5 10
"748" 28 274 0.454659 0.799108 1.1234 0.663424 0.7 33
"611" 23 275 0.774908 0.734387 -0.0542618 0.318135 0.3 27
"842" 31 276 0.644144 0.490277 0.382188 0.76325 0.8 35
"223" 7 277 0.265133 0.012734 -0.824042 0.194513 0.2 21
"844" 31 278 0.636333 0.469437 0.733555 0.782368 0.8 35
"649" 24 279 0.201787 0.214416 -0.646952 -0.735554 -0.8 2
"364" 11 280 0.0308248 0.485621 0.662174 -0.338289 -0.3 15
"293" 9 281 0.425595 0.412862 1.70547 0.729557 0.7 32
"28" 2 282 0.518142 0.617484 0.740374 0.999366 1 37
"482" 17 283 0.0145064 0.0221963 -0.85185 -0.58928 -0.6 6
"856" 32 284 0.420571 0.973609 0.769686 0.283315 0.3 28
"749" 28 285 0.472312 0.809458 0.875008 0.695419 0.7 33
"217" 6 286 0.935893 0.981623 1.10865 -0.367805 -0.4 13
"65" 3 287 0.458187 0.0157531 1.45283 1.55017 1.6 39
"36" 2 288 0.518845 0.616554 0.798637 0.998375 1 37
"95" 3 289 0.451658 0.0167076 1.5317 1.50032 1.6 39
"898" 33 290 0.148658 0.634187 -0.233019 -0.301386 -0.4 14
"751" 28 291 0.480723 0.800432 1.03711 0.745096 0.7 33
"914" 34 292 0.980229 0.564875 -0.662001 -0.738905 -0.7 5
"149" 5 293 0.0323861 0.270932 1.1468 -0.461056 -0.4 12
"981" 37 294 0.0582822 0.0175389 0.763876 -0.470059 -0.5 11
"771" 28 295 0.468726 0.81508 1.16595 0.670791 0.7 33
"488" 17 296 0.00721812 0.0299189 0.0293261 -0.602404 -0.6 6
"199" 6 297 0.940049 0.968015 -0.164412 -0.393381 -0.4 13
"923" 34 298 0.963434 0.577075 0.243214 -0.671739 -0.7 5
"648" 24 299 0.188904 0.232087 0.0695999 -0.771324 -0.8 2
"266" 8 300 0.577035 0.906391 -0.123953 0.290726 0.3 24
"440" 15 301 0.344533 0.79951 0.186146 0.303532 0.3 26
"660" 25 302 0.0171 0.984498 -0.112789 -0.159083 -0.2 18
"104" 4 303 0.818524 0.212928 -0.163744 0.274682 0.3 23
"272" 8 304 0.589658 0.903134 0.250033 0.26894 0.3 24
"456" 16 305 0.291388 0.50047 -0.717288 0.498217 0.4 30
"229" 7 306 0.26843 0.0364279 0.248165 0.114317 0.2 21
"836" 31 307 0.641651 0.505143 1.75537 0.767186 0.8 35
"286" 9 308 0.445664 0.435444 0.688384 0.856284 0.7 32
"731" 27 309 0.938165 0.780579 -0.208915 -0.766111 -0.7 4
"572" 21 310 0.64764 0.126445 1.08531 0.859562 0.9 36
"382" 12 311 0.737637 0.00770356 0.659638 0.380265 0.3 25
"484" 17 312 0.0114429 0.0245962 -0.812773 -0.595731 -0.6 6
"480" 16 313 0.313062 0.494102 0.138875 0.538202 0.4 30
"432" 14 314 0.362214 0.254746 -1.07201 -0.0612082 -0.2 17
"399" 13 315 0.857872 0.426424 -0.049106 0.0503636 0.1 20
"342" 10 316 0.19028 0.994063 0.907972 0.193872 0.2 22
"128" 4 317 0.82528 0.229406 1.18257 0.280899 0.3 23
"388" 12 318 0.74737 0.0134022 1.36557 0.325708 0.3 25
"946" 35 319 0.136497 0.83705 -0.219874 -0.394456 -0.5 10
"301" 9 320 0.414816 0.414971 5.88983 0.683615 0.7 32
"292" 9 321 0.381032 0.457864 -0.0221229 0.645437 0.7 32
"878" 32 322 0.398819 0.995069 -0.717288 0.256781 0.3 28
"49" 2 323 0.487582 0.612284 1.11845 0.998488 1 37
"782" 29 324 0.896769 0.47977 0.317837 -0.18035 -0.2 19
"276" 8 325 0.592808 0.908286 0.249103 0.243202 0.3 24
"564" 21 326 0.625195 0.128956 0.803895 0.946996 0.9 36
"260" 8 327 0.570399 0.891296 -1.02705 0.357965 0.3 24
"824" 31 328 0.623661 0.484894 1.34164 0.811913 0.8 35
"560" 21 329 0.640871 0.129706 1.47673 0.884 0.9 36
"819" 31 330 0.627624 0.504708 -0.0147678 0.800954 0.8 35
"319" 9 331 0.424269 0.424944 -0.480168 0.746202 0.7 32
"896" 33 332 0.136694 0.64898 -0.717288 -0.392572 -0.4 14
"982" 37 333 0.058799 0.00331003 -0.470575 -0.464665 -0.5 11
"508" 19 334 0.0149108 0.129894 0.711929 -0.515294 -0.5 8
"31" 2 335 0.496941 0.587369 0.872965 1.04656 1 37
"233" 7 336 0.260754 0.00480647 0.42096 0.198366 0.2 21
"579" 21 337 0.627023 0.136739 0.831576 0.930969 0.9 36
"637" 24 338 0.198344 0.222807 -0.662001 -0.758232 -0.8 2
"632" 24 339 0.200594 0.22723 -0.778871 -0.77685 -0.8 2
"872" 32 340 0.411821 0.995419 -0.13344 0.252405 0.3 28
"20" 2 341 0.512337 0.619038 0.631957 1.01101 1 37
"618" 24 342 0.202271 0.224335 -0.677156 -0.769971 -0.8 2
"509" 19 343 0.0056986 0.159517 -0.197327 -0.492563 -0.5 8
"740" 27 344 0.943715 0.785085 0.219843 -0.789587 -0.7 4
"588" 21 345 0.634819 0.132305 0.718582 0.905449 0.9 36
"788" 29 346 0.902859 0.481422 -0.31937 -0.210999 -0.2 19
"251" 8 347 0.591954 0.909122 0.691125 0.242581 0.3 24
"581" 21 348 0.657978 0.113485 1.37511 0.824871 0.9 36
"877" 32 349 0.416926 0.96645 0.58077 0.293533 0.3 28
"924" 34 350 0.971961 0.571448 0.00589009 -0.70741 -0.7 5
"239" 7 351 0.255772 0.0096932 -0.894382 0.141661 0.2 21
"422" 14 352 0.339396 0.251222 0.746591 -0.252433 -0.2 17
"514" 19 353 0.021243 0.161363 -0.852517 -0.496091 -0.5 8
"764" 28 354 0.457432 0.802066 0.617208 0.665942 0.7 33
"983" 37 355 0.0600096 0.00448582 0.257758 -0.461262 -0.5 11
"801" 30 356 0.896357 0.0104279 -0.411932 -0.612654 -0.6 7
"557" 21 357 0.652637 0.12366 0.678791 0.841219 0.9 36
"68" 3 358 0.437919 0.0104272 0.681327 1.42653 1.6 39
"687" 25 359 0.0203178 0.971994 0.614672 -0.212368 -0.2 18
"485" 17 360 0.00444745 0.0365303 -0.892514 -0.603427 -0.6 6
"341" 10 361 0.226516 0.963418 -0.194398 0.20019 0.2 22
"279" 8 362 0.60072 0.899297 -0.23123 0.253546 0.3 24
"931" 34 363 0.977615 0.576989 -0.733905 -0.749525 -0.7 5
"29" 2 364 0.519059 0.616617 0.968651 0.997877 1 37
"169" 5 365 0.0061968 0.301665 0.306673 -0.413388 -0.4 12
"743" 28 366 0.460588 0.804304 0.552883 0.671008 0.7 33
"757" 28 367 0.455986 0.783952 -0.068259 0.700869 0.7 33
"270" 8 368 0.594505 0.897797 -0.398996 0.274652 0.3 24
"857" 32 369 0.402723 0.961871 0.113167 0.295951 0.3 28
"913" 34 370 0.983365 0.579744 -0.812773 -0.786884 -0.7 5
"323" 10 371 0.20382 0.987794 -0.00846541 0.204056 0.2 22
"784" 29 372 0.904969 0.487004 0.228241 -0.227101 -0.2 19
"540" 20 373 0.867115 0.799078 0.326529 -0.34654 -0.3 16
"8" 1 374 0.584078 0.707257 0.340492 0.818274 0.8 34
"523" 19 375 0.0115453 0.140359 0.328901 -0.508634 -0.5 8
"87" 3 376 0.465504 0.0254005 0.220755 1.56663 1.6 39
"988" 37 377 0.0527953 0.0101401 0.0220664 -0.484315 -0.5 11
"573" 21 378 0.636249 0.139231 0.867707 0.89328 0.9 36
"348" 10 379 0.233606 0.985004 -0.194662 0.254463 0.2 22
"761" 28 380 0.476095 0.807982 -0.0863467 0.710831 0.7 33
"156" 5 381 0.0119553 0.317978 -0.220106 -0.417505 -0.4 12
"927" 34 382 0.970777 0.580464 -0.655037 -0.718822 -0.7 5
"866" 32 383 0.415044 0.968124 0.0876876 0.290707 0.3 28
"642" 24 384 0.193009 0.244285 -0.535862 -0.81798 -0.8 2
"553" 21 385 0.628345 0.127244 0.906867 0.936352 0.9 36
"795" 30 386 0.877741 0.00164165 -0.418149 -0.518814 -0.6 7
"881" 32 387 0.40775 0.991295 1.05065 0.259038 0.3 28
"13" 1 388 0.589076 0.736905 1.27806 0.795979 0.8 34
"578" 21 389 0.636181 0.141416 1.00721 0.891462 0.9 36
"254" 8 390 0.572298 0.895871 -0.601982 0.337968 0.3 24
"490" 17 391 0.00759886 0.0385106 -0.693799 -0.59426 -0.6 6
"595" 22 392 0.983257 0.121416 0.52878 -0.739707 -0.7 3
"262" 8 393 0.608674 0.898614 0.72472 0.235481 0.3 24
"970" 36 394 0.545476 0.268544 -0.366962 0.944073 1 38
"33" 2 395 0.520848 0.611812 0.518519 0.996712 1 37
"627" 24 396 0.191927 0.213381 -0.738856 -0.717633 -0.8 2
"617" 24 397 0.20405 0.209367 -0.388966 -0.721568 -0.8 2
"412" 13 398 0.847838 0.433789 1.35687 0.089347 0.1 20
"592" 22 399 0.981332 0.144953 -0.384247 -0.64175 -0.7 3
"650" 24 400 0.198077 0.207963 -1.032 -0.708713 -0.8 2
"120" 4 401 0.828502 0.233795 -0.552711 0.277509 0.3 23
"57" 3 402 0.47234 0.0114579 1.18226 1.66618 1.6 39
"736" 27 403 0.931246 0.786661 -0.899656 -0.713948 -0.7 4
"963" 36 404 0.514765 0.273015 0.749131 0.998471 1 38
"122" 4 405 0.839001 0.223359 0.631957 0.214339 0.3 23
"942" 35 406 0.132646 0.825478 0.30122 -0.446624 -0.5 10
"30" 2 407 0.494511 0.611503 0.625736 1.02311 1 37
"915" 34 408 0.975814 0.582192 -0.344 -0.750156 -0.7 5
"939" 35 409 0.103288 0.81479 0.174859 -0.605836 -0.5 10
"891" 33 410 0.133592 0.637667 0.158002 -0.375186 -0.4 14
"890" 33 411 0.13491 0.638671 0.599692 -0.372269 -0.4 14
"389" 12 412 0.763406 0.00905536 -0.129842 0.219809 0.3 25
"295" 9 413 0.424466 0.40259 5.9244 0.704904 0.7 32
"600" 22 414 0.989645 0.120395 0.518981 -0.775969 -0.7 3
"501" 18 415 0.0402193 0.758223 -0.0670888 -1.12771 -1.1 1
"934" 34 416 0.958965 0.575215 -0.0963768 -0.643676 -0.7 5
"879" 32 417 0.404909 0.998363 -0.55512 0.250823 0.3 28
"536" 20 418 0.857883 0.801382 -0.0657232 -0.298241 -0.3 16
"123" 4 419 0.821026 0.225877 -0.497017 0.290374 0.3 23
"466" 16 420 0.30854 0.50599 0.553819 0.539918 0.4 30
"211" 6 421 0.941793 0.967292 -0.0848763 -0.394712 -0.4 13
"568" 21 422 0.678571 0.12347 0.21466 0.735475 0.9 36
"237" 7 423 0.26146 0.00573496 0.453569 0.199264 0.2 21
"186" 6 424 0.93496 0.976505 0.274598 -0.377958 -0.4 13
"803" 30 425 0.904911 0.022409 0.890745 -0.63143 -0.6 7
"711" 26 426 0.76064 0.986708 0.0658958 -0.484141 -0.5 9
"726" 27 427 0.931833 0.775694 -0.64337 -0.736885 -0.7 4
"511" 19 428 0.0271127 0.159419 -0.384015 -0.498834 -0.5 8
"853" 31 429 0.610045 0.486331 0.832912 0.844165 0.8 35
"425" 14 430 0.360875 0.249677 -0.807211 -0.0853621 -0.2 17
"11" 1 431 0.601927 0.712547 -0.497017 0.78099 0.8 34
"379" 12 432 0.751435 0.0068731 0.161837 0.292414 0.3 25
"929" 34 433 0.976893 0.578073 -0.583133 -0.747759 -0.7 5
"928" 34 434 0.985231 0.578259 -0.163744 -0.794063 -0.7 5
"144" 5 435 0.0145702 0.317267 -0.209795 -0.419652 -0.4 12
"136" 4 436 0.818642 0.214945 0.121187 0.278178 0.3 23
"75" 3 437 0.458839 0.0262985 1.26766 1.51583 1.6 39
"178" 6 438 0.961367 0.972894 -0.382911 -0.377638 -0.4 13
"334" 10 439 0.197402 0.995537 0.324807 0.209884 0.2 22
"901" 33 440 0.121061 0.642147 0.0248115 -0.44168 -0.4 14
"232" 7 441 0.262516 0.00532677 -0.44583 0.208505 0.2 21
"437" 14 442 0.346813 0.248654 -0.00823378 -0.192551 -0.2 17
"529" 19 443 0.00883369 0.139424 1.09077 -0.509731 -0.5 8
"45" 2 444 0.499525 0.60969 1.20182 1.04165 1 37
"547" 20 445 0.858009 0.796841 0.380088 -0.296087 -0.3 16
"436" 14 446 0.338782 0.258556 -0.129842 -0.230892 -0.2 17
"73" 3 447 0.472244 0.0161927 1.41085 1.64824 1.6 39
"22" 2 448 0.503907 0.580406 0.0659684 1.05232 1 37
"463" 16 449 0.285528 0.468884 0.593104 0.33678 0.4 30
"48" 2 450 0.511207 0.603087 -0.194166 1.02275 1 37
"814" 31 451 0.620938 0.505132 1.12688 0.816838 0.8 35
"695" 26 452 0.752281 0.978363 0.488765 -0.456248 -0.5 9
"778" 29 453 0.89711 0.484708 -0.364862 -0.187168 -0.2 19
"676" 25 454 0.0123961 0.973637 0.0083835 -0.22085 -0.2 18
"883" 32 455 0.428303 0.990969 -0.211451 0.254844 0.3 28
"569" 21 456 0.62874 0.12843 0.470623 0.933472 0.9 36
"168" 5 457 0.0147867 0.326096 -1.19618 -0.417997 -0.4 12
"439" 15 458 0.352995 0.802373 0.719687 0.330232 0.3 26
"324" 10 459 0.223554 0.980023 0.544229 0.225754 0.2 22
"994" 38 460 0.742532 0.368053 0.501902 0.570762 0.6 31
"155" 5 461 0.0111238 0.323889 -0.186204 -0.416123 -0.4 12
"777" 29 462 0.896822 0.477474 -0.068259 -0.178186 -0.2 19
"309" 9 463 0.419264 0.406414 5.99738 0.687164 0.7 32
"257" 8 464 0.600792 0.893616 0.621897 0.272959 0.3 24
"356" 11 465 0.0329304 0.500504 -0.401532 -0.325222 -0.3 15
"599" 22 466 0.987853 0.11733 0.598055 -0.778583 -0.7 3
"119" 4 467 0.825765 0.232951 0.618993 0.286278 0.3 23
"242" 7 468 0.263602 0.0659313 0.541917 -0.0497012 0.2 21
"586" 21 469 0.631991 0.128171 0.941932 0.920777 0.9 36
"444" 15 470 0.340278 0.799899 0.0088195 0.28963 0.3 26
"15" 1 471 0.597432 0.705365 0.172777 0.792694 0.8 34
"191" 6 472 0.941962 0.964759 -0.347809 -0.400043 -0.4 13
"821" 31 473 0.637597 0.514 1.20481 0.774091 0.8 35
"391" 12 474 0.746933 0.00226581 1.09204 0.315457 0.3 25
"471" 16 475 0.269473 0.516717 -0.181029 0.405668 0.4 30
"512" 19 476 0.0308308 0.169739 -0.496785 -0.496496 -0.5 8
"962" 36 477 0.531545 0.288854 -0.359204 0.973846 1 38
"559" 21 478 0.666953 0.120378 0.618146 0.784025 0.9 36
"69" 3 479 0.450255 0.0147404 1.66877 1.4977 1.6 39
"80" 3 480 0.436339 0.00708251 0.583305 1.42798 1.6 39
"993" 38 481 0.743585 0.353459 0.243214 0.573647 0.6 31
"809" 30 482 0.876969 0.00398253 -0.326947 -0.507794 -0.6 7
"570" 21 483 0.629916 0.134572 0.311848 0.922214 0.9 36
"686" 25 484 0.00934445 0.97883 -0.122085 -0.201663 -0.2 18
"781" 29 485 0.896698 0.482042 0.247729 -0.182402 -0.2 19
"847" 31 486 0.621487 0.497152 0.0812482 0.817274 0.8 35
"303" 9 487 0.414533 0.414891 5.19335 0.682139 0.7 32
"825" 31 488 0.648109 0.511759 0.73114 0.749751 0.8 35
"563" 21 489 0.633256 0.127303 1.23064 0.916598 0.9 36
"926" 34 490 0.96801 0.566171 -0.830058 -0.675552 -0.7 5
"18" 2 491 0.516585 0.614262 1.10865 1.00457 1 37
"109" 4 492 0.822457 0.223583 0.678791 0.280146 0.3 23
"900" 33 493 0.129344 0.637864 1.45576 -0.393967 -0.4 14
"593" 22 494 0.985941 0.143475 -0.561341 -0.669519 -0.7 3
"150" 5 495 0.0269763 0.330211 0.412849 -0.42321 -0.4 12
"977" 36 496 0.536926 0.272438 -0.00227195 0.959846 1 38
"258" 8 497 0.607753 0.897043 0.593104 0.243315 0.3 24
"797" 30 498 0.893942 0.0139417 -0.100293 -0.587682 -0.6 7
"640" 24 499 0.20587 0.246401 -0.825639 -0.852785 -0.8 2
"776" 29 500 0.895436 0.474087 -0.0993003 -0.168086 -0.2 19
"635" 24 501 0.201 0.222373 0.454862 -0.7612 -0.8 2
"892" 33 502 0.145331 0.637849 -0.462883 -0.325275 -0.4 14
"718" 27 503 0.944203 0.785923 -0.078891 -0.790607 -0.7 4
"465" 16 504 0.315432 0.508395 0.755244 0.556656 0.4 30
"126" 4 505 0.811581 0.225142 0.41399 0.326034 0.3 23
"774" 28 506 0.47592 0.798957 0.231111 0.733278 0.7 33
"455" 16 507 0.283378 0.466768 0.174645 0.319197 0.4 30
"252" 8 508 0.602697 0.892883 0.315969 0.270645 0.3 24
"727" 27 509 0.937251 0.778657 -0.636551 -0.764398 -0.7 4
"329" 10 510 0.222037 0.974842 0.48011 0.21265 0.2 22
"290" 9 511 0.41962 0.40751 1.03899 0.691048 0.7 32
"613" 23 512 0.780514 0.726836 -0.267581 0.282323 0.3 27
"78" 3 513 0.458639 0.00239614 -0.156165 1.60273 1.6 39
"434" 14 514 0.349452 0.269314 0.958642 -0.111782 -0.2 17
"317" 9 515 0.423229 0.400891 5.88983 0.695632 0.7 32
"860" 32 516 0.407196 0.968362 -0.68085 0.288899 0.3 28
"21" 2 517 0.511648 0.60576 -0.417917 1.02022 1 37
"253" 8 518 0.590874 0.910932 -0.789219 0.239244 0.3 24
"961" 36 519 0.509595 0.282957 0.0380676 1.01092 1 38
"105" 4 520 0.818546 0.229162 0.107072 0.306575 0.3 23
"268" 8 521 0.596029 0.91715 0.120964 0.204402 0.3 24
"338" 10 522 0.205263 0.997596 -0.344231 0.228162 0.2 22
"502" 18 523 0.048188 0.757842 -0.875229 -1.08917 -1.1 1
"905" 33 524 0.138988 0.630269 -0.788987 -0.332078 -0.4 14
"470" 16 525 0.273436 0.519397 0.420103 0.412977 0.4 30
"273" 8 526 0.586449 0.908601 1.02792 0.258741 0.3 24
"980" 37 527 0.0673269 0.00910188 -0.273891 -0.44086 -0.5 11
"208" 6 528 0.929758 0.970767 0.237101 -0.389807 -0.4 13
"238" 7 529 0.262164 0.0074165 -0.97325 0.196846 0.2 21
"785" 29 530 0.887678 0.48854 0.654687 -0.146116 -0.2 19
"76" 3 531 0.473453 0.0219011 1.52558 1.63602 1.6 39
"27" 2 532 0.514636 0.606456 0.98884 1.01329 1 37
"129" 4 533 0.814692 0.224661 -0.160264 0.312878 0.3 23
"483" 17 534 0.007571 0.0283335 -0.496785 -0.602838 -0.6 6
"534" 20 535 0.869273 0.794982 -0.337181 -0.357121 -0.3 16
"846" 31 536 0.62811 0.507161 0.0879192 0.798962 0.8 35
"542" 20 537 0.868382 0.796556 -0.0848763 -0.352649 -0.3 16
"974" 36 538 0.509771 0.279555 0.047346 1.00942 1 38
"938" 35 539 0.115883 0.805674 0.250033 -0.583402 -0.5 10
"596" 22 540 0.977785 0.136681 -0.339049 -0.655382 -0.7 3
"861" 32 541 0.421009 0.947515 0.421629 0.323748 0.3 28
"968" 36 542 0.52916 0.280745 0.307109 0.975734 1 38
"690" 26 543 0.711862 0.992705 1.90473 -0.402167 -0.5 9
"201" 6 544 0.965689 0.976637 -0.364862 -0.36568 -0.4 13
"545" 20 545 0.868149 0.797163 -0.417917 -0.35155 -0.3 16
"717" 27 546 0.936858 0.784211 -0.778871 -0.751222 -0.7 4
"313" 9 547 0.434877 0.409518 0.0447429 0.767275 0.7 32
"1000" 39 548 0.794368 0.556322 0.605812 0.267316 0.3 29
"381" 12 549 0.763432 0.0300605 -0.738856 0.248385 0.3 25
"998" 39 550 0.792665 0.561303 0.236896 0.274139 0.3 29
"496" 18 551 0.0340344 0.764927 -0.791513 -1.12834 -1.1 1
"221" 6 552 0.931511 0.986085 0.696076 -0.362329 -0.4 13
"870" 32 553 0.416386 0.994322 -0.143211 0.252615 0.3 28
"339" 10 554 0.229121 0.976573 -0.0899824 0.230311 0.2 22
"32" 2 555 0.513969 0.616929 0.673533 1.00871 1 37
"64" 3 556 0.479498 0.026677 1.62713 1.66172 1.6 39
"447" 15 557 0.346374 0.799011 -0.118381 0.309629 0.3 26
"723" 27 558 0.936312 0.786259 1.18752 -0.744065 -0.7 4
"491" 18 559 0.0406293 0.768866 0.676923 -1.07807 -1.1 1
"37" 2 560 0.462024 0.621822 -1.07201 0.901923 1 37
"765" 28 561 0.483409 0.796588 0.585412 0.764124 0.7 33
"157" 5 562 0.00672905 0.32961 -0.123953 -0.413157 -0.4 12
"392" 12 563 0.743839 0.00459167 0.402818 0.337812 0.3 25
"682" 25 564 0.0211162 0.978812 -0.112789 -0.178385 -0.2 18
"166" 5 565 0.0132329 0.328234 0.264782 -0.416715 -0.4 12
"775" 29 566 0.90627 0.478498 -0.206808 -0.223983 -0.2 19
"997" 38 567 0.715717 0.379833 0.519187 0.62178 0.6 31
"606" 23 568 0.786174 0.732414 0.247729 0.241724 0.3 27
"941" 35 569 0.112507 0.830145 -0.254008 -0.513236 -0.5 10
"464" 16 570 0.321203 0.503376 -0.273034 0.581264 0.4 30
"162" 5 571 0.0174757 0.32348 -0.717288 -0.420273 -0.4 12
"783" 29 572 0.90139 0.483353 -0.364862 -0.206099 -0.2 19
"973" 36 573 0.536619 0.300946 -0.268941 0.968056 1 38
"986" 37 574 0.0548064 0.000569059 -0.457226 -0.476543 -0.5 11
"110" 4 575 0.79205 0.231384 0.264782 0.413297 0.3 23
"733" 27 576 0.93237 0.761461 -0.796156 -0.765787 -0.7 4
"541" 20 577 0.875442 0.807365 0.599923 -0.391853 -0.3 16
"840" 31 578 0.635126 0.497914 -0.325256 0.784532 0.8 35
"957" 36 579 0.531981 0.289308 -0.692245 0.973196 1 38
"669" 25 580 0.0335466 0.967898 0.0463794 -0.203568 -0.2 18
"153" 5 581 0.00258823 0.295279 1.23838 -0.40894 -0.4 12
"858" 32 582 0.422772 0.967272 -0.0109588 0.293529 0.3 28
"400" 13 583 0.841005 0.417084 0.169297 0.13345 0.1 20
"294" 9 584 0.438349 0.417078 1.556 0.795883 0.7 32
"597" 22 585 0.98257 0.138838 -0.510154 -0.6707 -0.7 3
"247" 7 586 0.262257 0.00707382 -0.922063 0.199006 0.2 21
"267" 8 587 0.611351 0.899372 0.632895 0.225958 0.3 24
"200" 6 588 0.965152 0.973444 -0.400864 -0.375041 -0.4 13
"185" 6 589 0.948117 0.968029 1.30303 -0.392455 -0.4 13
"685" 25 590 0.0133395 0.994206 -0.4013 -0.119184 -0.2 18
"179" 6 591 0.92467 0.986359 0.00819422 -0.366687 -0.4 13
"418" 14 592 0.364867 0.253272 -0.561777 -0.0449753 -0.2 17
"944" 35 593 0.143339 0.826028 0.296064 -0.400974 -0.5 10
"35" 2 594 0.52116 0.608711 0.526944 0.997778 1 37
"203" 6 595 0.93708 0.98526 1.50199 -0.360047 -0.4 13
"525" 19 596 0.0116111 0.144698 1.42633 -0.505377 -0.5 8
"316" 9 597 0.414128 0.403839 0.794097 0.657134 0.7 32
"732" 27 598 0.930076 0.782895 -0.398996 -0.713667 -0.7 4
"535" 20 599 0.854356 0.797788 -0.251891 -0.276839 -0.3 16
"524" 19 600 0.010271 0.127305 -0.164617 -0.518947 -0.5 8
"192" 6 601 0.93302 0.968028 -0.00414008 -0.394138 -0.4 13
"684" 25 602 0.0155931 0.983984 -0.198083 -0.164433 -0.2 18
"887" 32 603 0.418473 0.967838 0.434852 0.291791 0.3 28
"138" 4 604 0.816523 0.219347 0.224137 0.295321 0.3 23
"141" 4 605 0.813683 0.225262 0.225929 0.318003 0.3 23
"320" 9 606 0.411576 0.408906 0.365339 0.655625 0.7 32
"209" 6 607 0.968815 0.972085 -0.0657232 -0.378042 -0.4 13
"561" 21 608 0.63202 0.0960224 -0.1825 0.953757 0.9 36
"124" 4 609 0.824842 0.227673 0.676923 0.279066 0.3 23
"693" 26 610 0.755099 0.976901 0.546867 -0.449183 -0.5 9
"753" 28 611 0.452518 0.802692 -0.286226 0.648825 0.7 33
"224" 7 612 0.251901 0.00608115 0.940732 0.130292 0.2 21
"790" 29 613 0.891459 0.477181 0.210956 -0.152526 -0.2 19
"26" 2 614 0.515561 0.612025 1.39851 1.00808 1 37
"739" 27 615 0.929863 0.783526 -0.812773 -0.711324 -0.7 4
"768" 28 616 0.451363 0.801636 0.741042 0.647343 0.7 33
"12" 1 617 0.596671 0.71283 -0.364862 0.791185 0.8 34
"516" 19 618 0.00523953 0.133749 0.614467 -0.51529 -0.5 8
"678" 25 619 0.00434709 0.973897 0.617002 -0.236114 -0.2 18
"3" 1 620 0.585129 0.715012 0.00734912 0.812884 0.8 34
"308" 9 621 0.418234 0.412413 5.64825 0.694285 0.7 32
"325" 10 622 0.202024 0.978786 -0.704953 0.180623 0.2 22
"930" 34 623 0.967083 0.569125 -0.0170719 -0.6763 -0.7 5
"261" 8 624 0.599473 0.901565 -0.219563 0.24894 0.3 24
"417" 14 625 0.340526 0.242142 -0.0190667 -0.215539 -0.2 17
"495" 18 626 0.041737 0.751731 0.586786 -1.14897 -1.1 1
"882" 32 627 0.428205 0.971412 -0.322432 0.2877 0.3 28
"24" 2 628 0.485003 0.612678 1.13149 0.989238 1 37
"654" 24 629 0.206921 0.216524 -0.310098 -0.750554 -0.8 2
"248" 8 630 0.614008 0.884356 0.572146 0.271844 0.3 24
"182" 6 631 0.933082 0.974098 0.260063 -0.383071 -0.4 13
"759" 28 632 0.471059 0.817089 0.61654 0.672796 0.7 33
"671" 25 633 0.0116569 0.973815 0.395506 -0.221503 -0.2 18
"41" 2 634 0.490774 0.610113 0.900918 1.01102 1 37
"167" 5 635 0.00691933 0.306803 -0.0670888 -0.414026 -0.4 12
"522" 19 636 0.00815638 0.132357 0.982746 -0.515651 -0.5 8
"922" 34 637 0.963731 0.573254 -0.406251 -0.666032 -0.7 5
"624" 24 638 0.202165 0.222801 -0.796156 -0.764585 -0.8 2
"263" 8 639 0.5735 0.898781 0.298916 0.325226 0.3 24
"832" 31 640 0.620556 0.501576 -0.09594 0.81901 0.8 35
"287" 9 641 0.41101 0.415129 5.53295 0.666351 0.7 32
"177" 6 642 0.939919 0.95642 0.706813 -0.417102 -0.4 13
"344" 10 643 0.234114 0.973001 0.380088 0.234 0.2 22
"804" 30 644 0.910728 0.0108435 -0.175013 -0.701601 -0.6 7
"728" 27 645 0.932948 0.780298 1.09204 -0.735374 -0.7 4
"277" 8 646 0.592011 0.903258 0.00364498 0.262426 0.3 24
"655" 24 647 0.198255 0.259959 1.48673 -0.805919 -0.8 2
"112" 4 648 0.828825 0.236007 -0.420788 0.280878 0.3 23
"867" 32 649 0.401611 0.993857 1.0895 0.257393 0.3 28
"91" 3 650 0.459105 0.0231249 0.850823 1.52945 1.6 39
"278" 8 651 0.604218 0.893135 -0.049106 0.265909 0.3 24
"816" 31 652 0.633176 0.506243 0.661506 0.787141 0.8 35
"387" 12 653 0.74546 0.00615423 0.372602 0.329293 0.3 25
"402" 13 654 0.850308 0.422241 -0.68085 0.0878021 0.1 20
"920" 34 655 0.987122 0.575245 -0.417917 -0.798079 -0.7 5
"492" 18 656 0.0524785 0.761713 -0.806272 -1.05083 -1.1 1
"374" 12 657 0.746194 0.00875631 1.22396 0.327642 0.3 25
"187" 6 658 0.960933 0.974448 -0.778871 -0.373514 -0.4 13
"131" 4 659 0.840926 0.247237 -0.717288 0.259613 0.3 23
"372" 12 660 0.75092 0.0166812 0.219611 0.307745 0.3 25
"812" 31 661 0.63573 0.468755 0.598055 0.783783 0.8 35
"754" 28 662 0.471401 0.796386 0.733066 0.724838 0.7 33
"623" 24 663 0.207825 0.250246 0.756459 -0.868617 -0.8 2
"631" 24 664 0.200966 0.217394 -0.487142 -0.74437 -0.8 2
"798" 30 665 0.89221 0.0199256 -0.622924 -0.560274 -0.6 7
"515" 19 666 0.0216214 0.129055 1.09204 -0.513369 -0.5 8
"659" 25 667 0.0128778 0.982126 0.103911 -0.178646 -0.2 18
"427" 14 668 0.343554 0.242606 -0.45329 -0.193538 -0.2 17
"60" 3 669 0.467988 0.00486524 0.358084 1.65953 1.6 39
"40" 2 670 0.461279 0.614587 -0.251891 0.905066 1 37
"227" 7 671 0.256121 0.00431423 0.876613 0.167867 0.2 21
"468" 16 672 0.273488 0.513021 0.272817 0.424126 0.4 30
"214" 6 673 0.951789 0.972148 0.138875 -0.382034 -0.4 13
"936" 35 674 0.112737 0.805354 0.134958 -0.598315 -0.5 10
"190" 6 675 0.938921 0.975883 1.90978 -0.377678 -0.4 13
"102" 4 676 0.815422 0.233112 0.552883 0.326367 0.3 23
"625" 24 677 0.20121 0.227116 -0.812773 -0.777553 -0.8 2
"539" 20 678 0.8589 0.790054 -0.455303 -0.296933 -0.3 16
"460" 16 679 0.309427 0.507697 0.346186 0.539903 0.4 30
"510" 19 680 0.0135803 0.138048 0.948844 -0.510009 -0.5 8
"409" 13 681 0.848736 0.440354 -0.463551 0.0798634 0.1 20
"146" 5 682 0.013802 0.281116 1.05666 -0.425739 -0.4 12
"361" 11 683 0.0289522 0.48985 1.10057 -0.341558 -0.3 15
"121" 4 684 0.816645 0.22277 -0.118149 0.301503 0.3 23
"450" 15 685 0.340694 0.800454 0.140749 0.290935 0.3 26
"44" 2 686 0.475187 0.618023 -0.364862 0.951144 1 37
"127" 4 687 0.811204 0.239797 1.98424 0.355214 0.3 23
"360" 11 688 0.0400297 0.500799 0.225929 -0.303281 -0.3 15
"663" 25 689 0.0127284 0.979724 0.0427217 -0.190602 -0.2 18
"195" 6 690 0.952548 0.968651 -0.285994 -0.390435 -0.4 13
"598" 22 691 0.980709 0.145386 -0.670454 -0.637135 -0.7 3
"975" 36 692 0.529827 0.293679 0.845872 0.978305 1 38
"135" 4 693 0.81118 0.230043 0.363035 0.336872 0.3 23
"813" 31 694 0.640877 0.498722 -0.436237 0.77069 0.8 35
"396" 12 695 0.737779 0.0146267 0.0705355 0.386215 0.3 25
"142" 5 696 0.00882105 0.323842 0.676923 -0.414661 -0.4 12
"574" 21 697 0.622813 0.107498 -0.722238 0.982334 0.9 36
"701" 26 698 0.751163 0.989833 -0.262851 -0.503771 -0.5 9
"50" 2 699 0.508311 0.608014 1.39169 1.02619 1 37
"799" 30 700 0.871369 0.0214872 -0.238843 -0.427674 -0.6 7
"862" 32 701 0.414931 0.966289 0.204137 0.293322 0.3 28
"245" 7 702 0.253175 0.00100565 1.02297 0.161735 0.2 21
"897" 33 703 0.14905 0.636004 -0.671051 -0.304474 -0.4 14
"423" 14 704 0.340053 0.247358 -0.749499 -0.240738 -0.2 17
"658" 25 705 0.016271 0.973691 -0.76955 -0.212623 -0.2 18
"386" 12 706 0.746061 0.00925576 -0.366962 0.329047 0.3 25
"978" 36 707 0.523368 0.308605 1.73289 0.994516 1 38
"47" 2 708 0.492315 0.595507 -0.367398 1.02578 1 37
"390" 12 709 0.756498 0.00905357 -0.109571 0.26326 0.3 25
"445" 15 710 0.340502 0.800968 0.711987 0.290268 0.3 26
"145" 5 711 0.0108247 0.320777 -0.835232 -0.416305 -0.4 12
"474" 16 712 0.27725 0.519138 0.00905113 0.424953 0.4 30
"552" 20 713 0.849868 0.806378 0.00208112 -0.260086 -0.3 16
"792" 30 714 0.902055 0.00917551 0.124126 -0.652018 -0.6 7
"82" 3 715 0.467006 0.013058 0.474015 1.62258 1.6 39
"755" 28 716 0.465889 0.803606 0.784742 0.689478 0.7 33
"952" 35 717 0.106956 0.808437 0.752708 -0.612755 -0.5 10
"538" 20 718 0.86439 0.790817 0.0131448 -0.328441 -0.3 16
"357" 11 719 0.0367455 0.491704 0.402818 -0.316842 -0.3 15
"807" 30 720 0.882577 0.000106659 0.869976 -0.553728 -0.6 7
"376" 12 721 0.736436 0.000484334 0.565091 0.38087 0.3 25
"638" 24 722 0.226483 0.249573 -0.50196 -0.910177 -0.8 2
"152" 5 723 0.00973261 0.318005 -1.36515 -0.4158 -0.4 12
"212" 6 724 0.950376 0.975884 -0.416049 -0.373471 -0.4 13
"215" 6 725 0.930647 0.982605 0.752708 -0.368999 -0.4 13
"629" 24 726 0.202168 0.221844 -0.544492 -0.761341 -0.8 2
"479" 16 727 0.288461 0.474496 -0.273034 0.373026 0.4 30
"85" 3 728 0.465598 0.0307202 1.56559 1.54778 1.6 39
"174" 5 729 0.0106993 0.331828 -0.102161 -0.414925 -0.4 12
"969" 36 730 0.536152 0.280084 0.40305 0.963258 1 38
"216" 6 731 0.961512 0.973955 -0.44583 -0.374684 -0.4 13
"16" 2 732 0.515239 0.613498 -0.382147 1.00793 1 37
"815" 31 733 0.607142 0.510519 1.03938 0.84785 0.8 35
"46" 2 734 0.506211 0.605823 -0.750432 1.03207 1 37
"681" 25 735 0.0163634 0.982262 -0.51407 -0.171236 -0.2 18
"17" 2 736 0.482875 0.608999 0.791561 0.984366 1 37
"641" 24 737 0.199394 0.252748 1.01665 -0.83896 -0.8 2
"98" 3 738 0.453898 0.0192099 1.97682 1.50692 1.6 39
"702" 26 739 0.756146 0.983417 -0.319896 -0.474419 -0.5 9
"403" 13 740 0.848474 0.432325 -0.762254 0.0876784 0.1 20
"4" 1 741 0.59697 0.736594 1.26144 0.781024 0.8 34
"377" 12 742 0.759601 0.00717432 0.716938 0.241248 0.3 25
"612" 23 743 0.78787 0.734395 0.554027 0.229326 0.3 27
"664" 25 744 0.0155831 0.972762 0.185914 -0.21851 -0.2 18
"619" 24 745 0.200452 0.244499 -0.869135 -0.834585 -0.8 2
"916" 34 746 0.965442 0.5612 -0.355064 -0.652059 -0.7 5
"667" 25 747 0.0107361 0.983003 -0.869135 -0.178518 -0.2 18
"54" 3 748 0.482364 0.0176778 0.0641003 1.71465 1.6 39
"421" 14 749 0.339266 0.240794 -0.00823378 -0.219929 -0.2 17
"805" 30 750 0.892597 0.0150245 0.808751 -0.576285 -0.6 7
"373" 12 751 0.756813 0.00642714 1.54105 0.257878 0.3 25
"431" 14 752 0.344618 0.262077 -0.0265531 -0.173406 -0.2 17
"180" 6 753 0.956264 0.973365 0.119087 -0.377799 -0.4 13
"971" 36 754 0.526237 0.302282 0.736091 0.987337 1 38
"834" 31 755 0.615513 0.485845 0.736091 0.831203 0.8 35
"173" 5 756 0.00577707 0.322432 0.581708 -0.412734 -0.4 12
"810" 31 757 0.61803 0.487022 1.92731 0.82528 0.8 35
"908" 34 758 0.989213 0.571865 -0.491128 -0.802311 -0.7 5
"917" 34 759 0.979504 0.578978 -0.579251 -0.763994 -0.7 5
"651" 24 760 0.202639 0.220486 -1.14499 -0.757493 -0.8 2
"967" 36 761 0.521969 0.280108 0.467999 0.988183 1 38
"767" 28 762 0.458204 0.801319 0.41399 0.670085 0.7 33
"646" 24 763 0.199199 0.23004 0.29376 -0.783748 -0.8 2
"291" 9 764 0.421231 0.416501 0.821849 0.716281 0.7 32
"932" 34 765 0.97997 0.573783 -0.733905 -0.755865 -0.7 5
"204" 6 766 0.94595 0.966535 -0.200717 -0.396045 -0.4 13
"500" 18 767 0.038687 0.746402 0.281631 -1.15993 -1.1 1
"822" 31 768 0.637413 0.486975 0.41601 0.779357 0.8 35
"359" 11 769 0.0319377 0.501539 -0.429418 -0.33208 -0.3 15
"383" 12 770 0.735625 0.00746617 0.281631 0.392693 0.3 25
"605" 23 771 0.780308 0.735932 0.269732 0.280611 0.3 27
"909" 34 772 0.979018 0.580166 1.08434 -0.763754 -0.7 5
"746" 28 773 0.476766 0.803702 0.632895 0.723884 0.7 33
"864" 32 774 0.419083 0.948965 0.786935 0.320464 0.3 28
"796" 30 775 0.898041 0.00475427 -0.606307 -0.639324 -0.6 7
"633" 24 776 0.195575 0.243914 -0.293085 -0.822252 -0.8 2
"899" 33 777 0.135551 0.61056 -0.102914 -0.292971 -0.4 14
"992" 37 778 0.0466639 0.00361703 1.55932 -0.502359 -0.5 11
"710" 26 779 0.706279 0.994631 1.47486 -0.392995 -0.5 9
"19" 2 780 0.512336 0.604679 1.59582 1.01935 1 37
"189" 6 781 0.942228 0.976567 0.546867 -0.375014 -0.4 13
"458" 16 782 0.298112 0.473596 0.152243 0.402228 0.4 30
"874" 32 783 0.418606 0.961478 0.191803 0.301385 0.3 28
"115" 4 784 0.822216 0.23333 0.221406 0.30069 0.3 23
"948" 35 785 0.121007 0.826357 -0.496785 -0.491537 -0.5 10
"194" 6 786 0.929069 0.954298 -0.462883 -0.417801 -0.4 13
"77" 3 787 0.466043 0.0202964 1.45778 1.5892 1.6 39
"349" 10 788 0.230664 0.974366 0.650849 0.229376 0.2 22
"548" 20 789 0.85785 0.791367 -0.817948 -0.291788 -0.3 16
"995" 38 790 0.737594 0.357397 1.22416 0.584192 0.6 31
"616" 23 791 0.786923 0.731702 1.12099 0.236891 0.3 27
"729" 27 792 0.935713 0.780397 -0.286226 -0.75177 -0.7 4
"225" 7 793 0.275961 0.0112021 -0.44583 0.277825 0.2 21
"133" 4 794 0.812902 0.233863 1.22748 0.337486 0.3 23
"284" 9 795 0.419773 0.404864 5.9801 0.686535 0.7 32
"670" 25 796 0.0216796 0.973961 1.82838 -0.200223 -0.2 18
"158" 5 797 0.00579729 0.302746 -0.199117 -0.412929 -0.4 12
"644" 24 798 0.207826 0.209783 0.265014 -0.728221 -0.8 2
"668" 25 799 0.0207058 0.980159 0.0427217 -0.172804 -0.2 18
"730" 27 800 0.935556 0.776181 -0.830058 -0.75885 -0.7 4
"854" 31 801 0.616272 0.48775 0.408001 0.82947 0.8 35
"298" 9 802 0.434521 0.41516 1.18257 0.775102 0.7 32
"590" 22 803 0.976415 0.137913 -0.615689 -0.644122 -0.7 3
"576" 21 804 0.637626 0.140245 0.443771 0.887139 0.9 36
"763" 28 805 0.470491 0.798218 0.860528 0.717332 0.7 33
"713" 26 806 0.754939 0.984388 0.131867 -0.479018 -0.5 9
"353" 11 807 0.0333099 0.512818 -0.216402 -0.367239 -0.3 15
"793" 30 808 0.904397 0.0176579 0.0229434 -0.642085 -0.6 7
"43" 2 809 0.518586 0.599557 1.66382 1.00858 1 37
"410" 13 810 0.853946 0.41042 0.546502 0.0816036 0.1 20
"889" 33 811 0.139367 0.617903 -0.350113 -0.297164 -0.4 14
"343" 10 812 0.226208 0.969403 0.0297621 0.210853 0.2 22
"696" 26 813 0.742216 0.978741 -0.068259 -0.435979 -0.5 9
"837" 31 814 0.614588 0.511901 1.70267 0.829582 0.8 35
"311" 9 815 0.412403 0.404529 0.444207 0.650239 0.7 32
"955" 35 816 0.13943 0.836072 -0.300743 -0.385894 -0.5 10
"288" 9 817 0.412857 0.411799 -0.1048 0.667835 0.7 32
"358" 11 818 0.0370442 0.479482 0.729978 -0.324429 -0.3 15
"99" 3 819 0.468962 0.0197043 0.747726 1.61212 1.6 39
"770" 28 820 0.471796 0.795271 1.02297 0.728902 0.7 33
"787" 29 821 0.901654 0.479918 0.0420964 -0.203658 -0.2 19
"935" 34 822 0.970685 0.58356 -0.698135 -0.724442 -0.7 5
"705" 26 823 0.706929 0.999507 0.544229 -0.414159 -0.5 9
"820" 31 824 0.625469 0.472858 0.671972 0.807566 0.8 35
"424" 14 825 0.33306 0.264487 0.330823 -0.253232 -0.2 17
"328" 10 826 0.195708 0.993607 1.49779 0.20244 0.2 22
"703" 26 827 0.746657 0.991059 -0.489028 -0.49979 -0.5 9
"550" 20 828 0.859057 0.7909 -0.882371 -0.29832 -0.3 16
"79" 3 829 0.467168 0.022193 0.805651 1.59025 1.6 39
"114" 4 830 0.816389 0.232305 0.436721 0.321075 0.3 23
"154" 5 831 0.0261539 0.326025 0.454005 -0.424711 -0.4 12
"111" 4 832 0.818384 0.229126 -0.0830082 0.307134 0.3 23
"53" 3 833 0.463152 0.0180319 0.564152 1.57699 1.6 39
"848" 31 834 0.624322 0.501421 0.260063 0.810008 0.8 35
"871" 32 835 0.406641 0.964274 0.769993 0.294054 0.3 28
"979" 36 836 0.524162 0.290216 0.37196 0.987424 1 38
"394" 12 837 0.74173 0.011685 0.816827 0.358747 0.3 25
"271" 8 838 0.587949 0.895804 -0.287155 0.298215 0.3 24
"401" 13 839 0.857324 0.431723 0.617208 0.0482313 0.1 20
"384" 12 840 0.771753 0.038693 -0.679286 0.210544 0.3 25
"520" 19 841 0.0136242 0.151763 1.13692 -0.500334 -0.5 8
"428" 14 842 0.349962 0.256059 0.231382 -0.152671 -0.2 17
"738" 27 843 0.928197 0.770733 -0.704953 -0.722776 -0.7 4
"7" 1 844 0.589948 0.718782 0.941932 0.801882 0.8 34
"108" 4 845 0.848426 0.224358 -0.384015 0.179402 0.3 23
"608" 23 846 0.768893 0.732869 -0.049106 0.359714 0.3 27
"950" 35 847 0.114501 0.80738 0.42096 -0.583586 -0.5 10
"408" 13 848 0.854276 0.433136 0.712693 0.0607861 0.1 20
"461" 16 849 0.28857 0.46892 0.583305 0.347744 0.4 30
"533" 19 850 0.0241296 0.158935 -0.141006 -0.498204 -0.5 8
"760" 28 851 0.478658 0.805132 1.41085 0.726192 0.7 33
"477" 16 852 0.306035 0.460513 -0.682223 0.373986 0.4 30
"556" 21 853 0.639058 0.125493 0.654482 0.894958 0.9 36
"720" 27 854 0.936493 0.773706 -0.497017 -0.769382 -0.7 4
"507" 19 855 0.0157886 0.143984 0.586786 -0.505716 -0.5 8
"265" 8 856 0.599133 0.895748 0.769686 0.269841 0.3 24
"959" 36 857 0.53982 0.272318 0.59108 0.954796 1 38
"330" 10 858 0.20276 0.989275 1.18257 0.205371 0.2 22
"585" 21 859 0.64296 0.126814 -0.444891 0.878097 0.9 36
"688" 25 860 0.00816966 0.986228 1.55938 -0.167592 -0.2 18
"964" 36 861 0.532237 0.266798 0.132324 0.966386 1 38
"744" 28 862 0.471198 0.801648 0.75084 0.711211 0.7 33
"71" 3 863 0.466165 0.00506264 0.155492 1.64596 1.6 39
"367" 12 864 0.742094 0.00653095 0.436952 0.350968 0.3 25
"888" 33 865 0.138787 0.609966 -0.666101 -0.278152 -0.4 14
"826" 31 866 0.61937 0.486375 0.341235 0.82209 0.8 35
"949" 35 867 0.120513 0.833708 -0.462883 -0.468855 -0.5 10
"715" 26 868 0.724657 0.99346 1.49679 -0.443594 -0.5 9
"851" 31 869 0.611953 0.478203 1.22754 0.839271 0.8 35
"184" 6 870 0.948138 0.964687 0.138439 -0.40018 -0.4 13
"677" 25 871 0.0179253 0.974257 -0.51407 -0.206512 -0.2 18
"443" 15 872 0.344185 0.814582 1.27872 0.300142 0.3 26
"6" 1 873 0.583857 0.715501 -0.51407 0.815161 0.8 34
"331" 10 874 0.198613 0.99892 1.63952 0.219713 0.2 22
"92" 3 875 0.445867 0.0097975 -0.847343 1.48509 1.6 39
"630" 24 876 0.199693 0.227343 0.00775822 -0.77564 -0.8 2
"72" 3 877 0.43731 0.00693889 0.31167 1.43538 1.6 39
"397" 12 878 0.761766 0.00625249 0.631952 0.226344 0.3 25
"937" 35 879 0.137586 0.829764 0.152243 -0.412916 -0.5 10
"97" 3 880 0.457012 0.0191103 1.8009 1.52941 1.6 39
"407" 13 881 0.852054 0.416238 0.0127088 0.0850551 0.1 20
"106" 4 882 0.829887 0.22244 -0.418149 0.248422 0.3 23
"762" 28 883 0.475683 0.795534 0.106841 0.741206 0.7 33
"554" 21 884 0.631279 0.0928073 0.0658958 0.960526 0.9 36
"244" 7 885 0.265725 0.00346391 0.605939 0.239301 0.2 21
"411" 13 886 0.84922 0.414919 -0.0848763 0.0987303 0.1 20
"476" 16 887 0.281493 0.518749 0.30672 0.438433 0.4 30
"2" 1 888 0.605206 0.739453 -0.349174 0.764184 0.8 34
"218" 6 889 0.953368 0.967686 -0.544056 -0.392721 -0.4 13
"350" 10 890 0.200834 0.993195 0.197375 0.210637 0.2 22
"906" 33 891 0.137398 0.62403 -0.13051 -0.321912 -0.4 14
"86" 3 892 0.465108 0.0168101 1.42808 1.59536 1.6 39
"704" 26 893 0.753886 0.982778 -0.96114 -0.473238 -0.5 9
"609" 23 894 0.776969 0.730258 0.514031 0.305308 0.3 27
"183" 6 895 0.95886 0.97132 -0.444167 -0.382501 -0.4 13
"841" 31 896 0.635921 0.495561 0.598055 0.78268 0.8 35
"800" 30 897 0.869255 0.00704475 -0.764327 -0.451108 -0.6 7
"582" 21 898 0.644156 0.12331 0.631957 0.876087 0.9 36
"469" 16 899 0.296559 0.465187 0.212356 0.35952 0.4 30
"213" 6 900 0.94714 0.964331 -0.0639278 -0.400993 -0.4 13
"467" 16 901 0.288679 0.477616 0.12369 0.388118 0.4 30
"14" 1 902 0.607723 0.74824 -0.51407 0.756047 0.8 34
"370" 12 903 0.744795 0.0109696 0.791561 0.338898 0.3 25
"996" 38 904 0.736358 0.358567 0.989064 0.586269 0.6 31
"206" 6 905 0.96812 0.967778 -0.552711 -0.390971 -0.4 13
"322" 9 906 0.442783 0.428324 -0.107112 0.83331 0.7 32
"752" 28 907 0.467432 0.809039 0.147069 0.681393 0.7 33
"297" 9 908 0.418482 0.414512 1.10865 0.699658 0.7 32
"741" 27 909 0.931056 0.778882 -0.778871 -0.726507 -0.7 4
"222" 7 910 0.264446 0.000873551 -0.0788867 0.241642 0.2 21
"773" 28 911 0.470952 0.807521 0.218986 0.695987 0.7 33
"656" 24 912 0.202224 0.227251 0.298916 -0.779797 -0.8 2
"355" 11 913 0.0344599 0.49268 -0.173254 -0.323186 -0.3 15
"831" 31 914 0.631056 0.49182 0.845779 0.794368 0.8 35
"912" 34 915 0.951716 0.583159 -0.146691 -0.618376 -0.7 5
"634" 24 916 0.238794 0.258033 0.573826 -0.898487 -0.8 2
"902" 33 917 0.132942 0.642268 0.454862 -0.390597 -0.4 14
"745" 28 918 0.454458 0.803254 0.027894 0.653826 0.7 33
"875" 32 919 0.413532 0.973304 0.831576 0.283105 0.3 28
"604" 22 920 0.986049 0.141173 -0.0282437 -0.678786 -0.7 3
"562" 21 921 0.672317 0.11414 0.633061 0.763437 0.9 36
"453" 16 922 0.286833 0.506366 -0.129842 0.475094 0.4 30
"886" 32 923 0.41341 0.977662 0.311848 0.27695 0.3 28
"332" 10 924 0.218029 0.982614 0.0847582 0.220085 0.2 22
"603" 22 925 0.9538 0.144114 0.162363 -0.512308 -0.7 3
"264" 8 926 0.589862 0.906774 0.414622 0.256036 0.3 24
"808" 30 927 0.905208 0.0320955 0.422828 -0.605005 -0.6 7
"446" 15 928 0.3445 0.799089 0.133924 0.303488 0.3 26
"219" 6 929 0.953697 0.976138 -0.068259 -0.371619 -0.4 13
"171" 5 930 0.0131626 0.322435 -0.485112 -0.417668 -0.4 12
"691" 26 931 0.730239 0.995296 1.02792 -0.467793 -0.5 9
"207" 6 932 0.949071 0.970243 -0.254192 -0.387164 -0.4 13
"991" 37 933 0.0642835 0.00353743 0.585412 -0.447721 -0.5 11
"692" 26 934 0.748376 0.986627 -0.732037 -0.486633 -0.5 9
"117" 4 935 0.807477 0.226768 0.657223 0.345173 0.3 23
"859" 32 936 0.419231 0.977026 0.204137 0.278015 0.3 28
"345" 10 937 0.194038 0.990713 0.456731 0.192693 0.2 22
"299" 9 938 0.418282 0.413252 0.375137 0.696198 0.7 32
"709" 26 939 0.746163 0.981585 0.74171 -0.459283 -0.5 9
"140" 4 940 0.807804 0.233404 0.67384 0.35619 0.3 23
"657" 24 941 0.203196 0.207449 -0.590315 -0.713836 -0.8 2
"830" 31 942 0.613789 0.48406 0.360601 0.835207 0.8 35
"838" 31 943 0.635973 0.512831 0.794097 0.778327 0.8 35
"462" 16 944 0.322532 0.456626 -0.290319 0.420054 0.4 30
"513" 19 945 0.0241306 0.14875 -0.561109 -0.503055 -0.5 8
"869" 32 946 0.42117 0.949134 0.500497 0.321329 0.3 28
"721" 27 947 0.934992 0.785586 1.47992 -0.737669 -0.7 4
"196" 6 948 0.950534 0.967401 0.248165 -0.393688 -0.4 13
"398" 13 949 0.845799 0.419614 -0.733905 0.11009 0.1 20
"151" 5 950 0.0162448 0.326693 0.31167 -0.418712 -0.4 12
"234" 7 951 0.256328 0.000525895 1.13079 0.186046 0.2 21
"789" 29 952 0.889291 0.475916 0.0609452 -0.140989 -0.2 19
"845" 31 953 0.635224 0.471537 0.774944 0.784891 0.8 35
"371" 12 954 0.733702 0.0174135 -0.659988 0.413861 0.3 25
"966" 36 955 0.505527 0.284976 0.0759843 1.01883 1 38
"365" 11 956 0.0225792 0.487254 -0.371912 -0.361707 -0.3 15
"118" 4 957 0.815196 0.235213 0.377552 0.331297 0.3 23
"59" 3 958 0.46231 0.00581571 0.249419 1.61599 1.6 39
"312" 9 959 0.443413 0.435803 -0.0318211 0.847332 0.7 32
"517" 19 960 0.0117903 0.131131 0.124126 -0.515475 -0.5 8
"672" 25 961 0.00913608 0.983997 -0.181029 -0.176723 -0.2 18
"766" 28 962 0.466863 0.811016 0.391755 0.674927 0.7 33
"689" 25 963 0.0187337 0.958116 -0.812773 -0.281906 -0.2 18
"38" 2 964 0.514736 0.602726 0.994015 1.01522 1 37
"960" 36 965 0.520699 0.265082 0.949049 0.985658 1 38
"67" 3 966 0.466807 0.0232936 1.07843 1.58364 1.6 39
"52" 2 967 0.519205 0.613447 -0.181029 0.999355 1 37
"772" 28 968 0.456698 0.798175 0.284167 0.672134 0.7 33
"321" 9 969 0.413814 0.412274 5.55023 0.673318 0.7 32
"894" 33 970 0.141991 0.626998 -0.732037 -0.310613 -0.4 14
"951" 35 971 0.106509 0.809428 0.729978 -0.611176 -0.5 10
"700" 26 972 0.747245 0.984782 -0.229361 -0.475661 -0.5 9
"722" 27 973 0.93013 0.780271 0.671972 -0.718513 -0.7 4
"362" 11 974 0.0349171 0.503395 -0.0732096 -0.328915 -0.3 15
"148" 5 975 0.0179449 0.322006 -0.494162 -0.420982 -0.4 12
"9" 1 976 0.636573 0.738352 0.724695 0.704784 0.8 34
"181" 6 977 0.960387 0.976726 -0.418149 -0.367514 -0.4 13
"228" 7 978 0.267473 0.0124162 -0.417917 0.212467 0.2 21
"584" 21 979 0.626583 0.127015 1.35264 0.943675 0.9 36
"531" 19 980 0.0231155 0.138555 1.27872 -0.50808 -0.5 8
"527" 19 981 0.00882834 0.135562 0.868014 -0.512856 -0.5 8
"172" 5 982 0.00918174 0.298974 -0.188721 -0.416969 -0.4 12
"519" 19 983 0.0240948 0.138635 0.763671 -0.50788 -0.5 8
"354" 11 984 0.033737 0.51192 -0.796156 -0.362668 -0.3 15
"865" 32 985 0.405874 0.987867 0.30122 0.263833 0.3 28
"622" 24 986 0.200854 0.232467 -0.496785 -0.794938 -0.8 2
"147" 5 987 0.00389436 0.298945 -0.0161333 -0.410711 -0.4 12
"274" 8 988 0.608008 0.900549 0.564152 0.230449 0.3 24
"716" 26 989 0.734465 0.992324 0.943893 -0.46844 -0.5 9
"566" 21 990 0.631558 0.118315 -0.600114 0.93274 0.9 36
"537" 20 991 0.872811 0.803062 0.357416 -0.377784 -0.3 16
"543" 20 992 0.850778 0.799489 0.233735 -0.258872 -0.3 16
"697" 26 993 0.735221 0.982855 -0.0211934 -0.43218 -0.5 9
"999" 39 994 0.779117 0.561574 0.850823 0.346687 0.3 29
"698" 26 995 0.74662 0.996902 -0.0512057 -0.523759 -0.5 9
"283" 9 996 0.37808 0.439408 -0.310329 0.582398 0.7 32
"791" 30 997 0.874392 0.0207749 0.455967 -0.448117 -0.6 7
"833" 31 998 0.636637 0.507302 1.86814 0.778515 0.8 35
"665" 25 999 0.0125114 0.979699 0.282067 -0.191154 -0.2 18
